title
25/04/2011
18/01/2011
12/07/2011
05/04/2011
05/04/2011
01/03/2011
""
""
03/02/2011
28/05/2011
12/07/2011
01/03/2011
07/06/2011
27/02/2011
04/01/2011
13/09/2011
04/10/2011
23/08/2011
27/09/2011
16/08/2011
25/10/2011
22/03/2011
01/03/2011
22/03/2011
04/01/2011
07/06/2011
08/03/2011
23/08/2011
11/10/2011
04/05/2011
07/09/2011
11/10/2011
26/04/2011
15/04/2011
16/08/2011
24/05/2011
14/06/2011
30/08/2011
01/02/2011
05/07/2011
21/06/2011
13/09/2011
14/06/2011
08/02/2011
20/09/2011
18/01/2011
05/07/2011
27/06/2011
08/03/2011
05/04/2011
30/08/2011
21/06/2011
22/03/2011
20/09/2011
""
""
""
05/07/2011
27/09/2011
02/06/2011
27/02/2011
04/10/2011
26/04/2011
15/02/2011
31/05/2011
01/03/2011
03/05/2011
28/06/2011
26/07/2011
""
15/09/2011
03/05/2011
22/02/2011
""
""
04/10/2011
21/06/2011
09/08/2011
01/02/2011
02/08/2011
12/07/2011
13/09/2011
01/03/2011
13/10/2011
17/05/2011
09/08/2011
08/03/2011
""
29/06/2011
02/08/2011
01/05/2011
18/01/2011
08/11/2011
20/09/2011
29/03/2011
07/02/2011
01/02/2011
11/10/2011
""
16/08/2011
18/01/2011
""
28/05/2011
26/07/2011
31/05/2011
30/08/2011
22/02/2011
22/02/2011
03/03/2011
03/05/2011
16/08/2011
07/06/2011
01/07/2011
06/09/2011
07/06/2011
03/05/2011
04/08/2011
01/09/2011
04/01/2011
05/07/2011
08/11/2011
16/08/2011
04/10/2011
16/09/2011
07/06/2011
02/08/2011
17/05/2011
26/04/2011
30/08/2011
02/06/2011
""
05/04/2011
02/08/2011
05/07/2011
26/04/2011
05/04/2011
""
01/07/2011
01/07/2011
15/09/2011
09/05/2011
28/12/2010
01/06/2011
22/03/2011
04/10/2011
05/07/2011
""
18/08/2011
18/10/2011
22/02/2011
01/06/2011
07/04/2011
12/07/2011
25/10/2011
24/01/2011
29/03/2011
28/06/2011
07/10/2011
28/02/2011
06/09/2011
29/03/2011
25/05/2011
15/06/2011
31/05/2011
12/04/2011
31/05/2011
18/01/2011
02/08/2011
27/09/2011
15/02/2011
25/01/2011
28/06/2011
01/04/2011
03/05/2011
06/09/2011
01/05/2011
03/05/2011
01/03/2011
20/01/2011
04/04/2011
05/04/2011
14/06/2011
03/05/2011
03/05/2011
01/11/2011
10/05/2011
04/10/2011
23/05/2011
25/04/2011
16/08/2011
26/07/2011
22/03/2011
09/08/2011
""
""
01/02/2011
17/10/2011
""
25/01/2011
04/01/2011
01/04/2009
25/01/2011
22/03/2011
12/05/2011
03/03/2011
""
03/10/2011
19/07/2011
08/03/2011
24/05/2011
01/03/2011
01/03/2011
04/10/2011
01/03/2011
12/04/2011
12/07/2011
22/02/2011
05/07/2011
12/05/2011
31/05/2011
24/10/2011
10/05/2011
08/11/2011
23/08/2011
17/05/2011
15/03/2011
24/05/2011
26/04/2011
05/04/2011
14/06/2011
20/09/2011
03/05/2011
05/04/2011
01/02/2011
22/03/2011
""
27/09/2011
09/08/2011
03/05/2011
11/10/2011
14/04/2011
12/07/2011
26/04/2011
03/05/2011
03/05/2011
01/02/2011
05/04/2011
""
14/04/2011
12/04/2011
28/02/2011
07/06/2011
""
24/05/2011
07/06/2011
11/01/2011
13/09/2011
11/01/2011
12/04/2011
13/09/2011
13/04/2011
01/10/2011
01/03/2011
12/07/2011
23/02/2011
28/12/2010
12/07/2011
""
15/06/2011
07/06/2011
03/03/2011
11/10/2011
28/12/2010
05/04/2011
01/02/2011
30/08/2011
01/02/2011
""
25/10/2011
29/09/2011
27/01/2011
""
29/03/2011
01/03/2011
20/09/2011
08/02/2011
08/03/2011
26/04/2011
26/07/2011
05/04/2011
19/05/2011
24/05/2011
05/07/2011
01/04/2011
01/03/2011
04/01/2011
01/03/2011
10/05/2011
01/03/2011
25/10/2011
05/04/2011
29/09/2011
10/05/2011
24/05/2011
16/08/2011
22/03/2011
26/04/2011
01/05/2011
21/06/2011
05/07/2011
13/09/2011
26/04/2011
26/05/2011
19/07/2011
15/03/2011
28/12/2010
01/06/2011
11/01/2011
10/05/2011
11/04/2011
25/04/2011
05/04/2011
""
23/08/2011
26/10/2011
04/10/2011
03/02/2011
12/07/2011
11/01/2011
04/01/2011
22/03/2011
14/06/2011
04/01/2011
22/03/2011
22/02/2011
27/09/2011
29/09/2011
25/10/2011
20/09/2011
01/02/2011
04/10/2011
03/05/2011
20/09/2011
15/11/2011
13/09/2011
10/05/2011
27/09/2011
04/10/2011
05/04/2011
31/03/2011
05/04/2011
07/06/2011
15/03/2011
10/05/2011
05/04/2011
05/04/2011
01/11/2011
27/09/2011
30/08/2011
30/08/2011
01/02/2011
27/09/2011
01/02/2011
25/01/2011
04/01/2011
30/08/2011
01/03/2011
04/04/2011
26/04/2011
24/05/2011
04/10/2011
22/03/2011
15/02/2011
08/02/2011
01/02/2011
05/04/2011
23/08/2011
12/07/2011
29/03/2011
05/09/2011
23/08/2011
01/06/2011
29/06/2011
11/10/2011
27/09/2011
01/03/2011
01/03/2011
07/06/2011
20/09/2011
""
12/07/2011
12/04/2011
08/02/2011
29/03/2011
07/06/2011
28/09/2011
01/09/2011
12/04/2011
01/03/2011
12/04/2011
05/04/2011
""
08/02/2011
18/01/2011
15/01/2011
01/07/2011
07/02/2011
01/02/2011
28/02/2011
15/03/2011
26/04/2011
31/12/2010
29/12/2011
10/09/2011
10/05/2011
17/01/2011
29/04/2011
15/03/2011
01/10/2011
15/03/2011
05/04/2011
31/05/2011
25/04/2011
01/03/2011
""
21/06/2011
12/07/2011
25/01/2011
03/02/2011
04/10/2011
27/02/2011
16/08/2011
11/01/2011
14/06/2011
22/03/2011
23/08/2011
26/07/2011
04/04/2011
26/05/2011
02/08/2011
27/09/2012
24/07/2012
31/01/2012
26/06/2012
11/09/2012
19/06/2012
02/10/2012
12/06/2012
""
25/01/2012
24/07/2012
07/08/2012
06/11/2012
07/08/2012
10/01/2012
03/01/2012
03/01/2012
11/09/2012
22/05/2012
01/05/2012
05/06/2012
""
07/05/2012
31/01/2012
28/08/2012
17/07/2012
26/06/2012
26/06/2012
""
""
17/04/2012
03/07/2012
26/03/2012
20/03/2012
24/01/2012
11/09/2012
24/07/2012
11/09/2012
04/09/2012
02/10/2012
31/07/2012
08/05/2012
09/10/2012
01/02/2012
17/01/2012
03/04/2012
10/07/2012
""
08/05/2012
17/07/2012
24/01/2012
28/02/2012
24/01/2012
""
14/08/2012
18/09/2012
21/02/2012
21/02/2012
14/08/2012
21/08/2012
""
09/10/2012
02/07/2012
07/08/2012
11/09/2012
14/08/2012
07/02/2012
01/05/2012
10/07/2012
19/06/2012
""
29/05/2012
16/01/2012
07/02/2012
03/05/2012
25/09/2012
11/10/2012
21/08/2012
23/10/2012
02/08/2012
10/07/2012
19/06/2012
21/02/2012
06/03/2012
01/03/2012
27/12/2011
31/01/2012
31/07/2012
11/01/2012
24/07/2012
05/06/2012
24/04/2012
30/10/2012
01/05/2012
04/09/2012
27/03/2012
28/02/2012
07/08/2012
19/06/2012
02/10/2012
19/06/2012
25/01/2012
05/06/2012
10/01/2012
17/01/2012
10/07/2012
29/05/2012
20/03/2012
06/12/2011
26/06/2012
28/08/2012
27/12/2011
""
01/05/2012
06/03/2012
05/06/2012
22/05/2012
06/11/2012
09/07/2012
09/10/2012
17/04/2012
03/04/2012
27/03/2012
""
26/06/2012
31/08/2013
27/03/2012
04/09/2012
22/05/2012
10/01/2012
11/06/2012
14/02/2012
28/02/2012
14/09/2012
""
29/05/2012
30/08/2012
31/01/2012
03/04/2012
20/07/2012
16/10/2012
31/07/2012
13/05/2012
22/05/2012
03/04/2012
02/10/2012
07/02/2012
17/04/2012
26/04/2012
27/03/2012
26/06/2012
01/03/2012
05/06/2012
10/04/2012
04/09/2012
24/04/2012
15/08/2012
04/09/2012
13/07/2012
""
20/03/2012
03/04/2012
02/10/2012
04/09/2012
03/04/2012
04/09/2012
20/03/2012
""
26/06/2012
24/04/2012
18/09/2012
07/08/2012
03/04/2012
02/10/2012
17/01/2012
25/09/2012
03/04/2012
10/07/2012
24/04/2012
01/05/2012
""
27/03/2012
02/10/2012
21/08/2012
29/03/2012
22/05/2012
18/09/2012
13/11/2012
03/04/2012
30/08/2012
01/05/2012
31/07/2012
24/04/2012
""
01/05/2012
17/04/2012
05/06/2012
14/02/2012
29/05/2012
""
24/01/2012
07/02/2012
28/02/2012
28/02/2012
04/09/2012
17/07/2012
07/02/2012
10/01/2012
10/07/2012
06/03/2012
20/03/2012
13/03/2012
15/05/2012
10/07/2012
21/02/2012
27/09/2012
01/06/2012
""
05/09/2012
12/06/2012
13/03/2012
03/04/2012
01/02/2012
28/02/2012
22/05/2012
05/06/2012
06/03/2012
03/04/2012
10/05/2012
05/06/2012
13/09/2012
07/08/2012
12/06/2012
02/10/2012
30/10/2012
12/06/2012
29/05/2012
14/08/2012
11/09/2012
06/03/2012
17/04/2012
08/05/2012
17/07/2012
05/04/2012
03/04/2012
18/04/2012
20/03/2012
14/08/2012
08/05/2012
15/05/2012
28/02/2012
31/01/2012
01/05/2012
10/04/2012
09/10/2012
10/07/2012
02/10/2012
28/02/2012
26/07/2012
12/06/2012
19/06/2012
25/01/2012
24/05/2012
20/03/2012
09/05/2012
10/07/2012
01/05/2012
01/03/2012
02/02/2012
""
23/10/2012
02/10/2012
30/10/2012
17/01/2012
28/02/2012
02/10/2012
07/02/2012
10/07/2012
31/07/2012
19/06/2012
11/10/2012
27/03/2012
20/03/2012
29/11/2011
09/03/2012
03/04/2012
28/08/2012
03/04/2012
14/02/2012
03/01/2012
17/01/2012
13/03/2012
30/01/2012
03/04/2012
25/04/2012
06/03/2012
24/07/2012
25/09/2012
01/08/2012
01/10/2012
01/05/2012
08/05/2012
05/06/2012
17/04/2012
12/06/2012
03/01/2012
18/09/2012
25/05/2012
28/02/2012
14/08/2012
31/01/2012
31/01/2012
25/01/2012
31/08/2012
29/11/2011
31/07/2012
22/05/2012
10/07/2012
03/04/2012
04/09/2012
10/01/2012
25/05/2012
18/09/2012
13/03/2012
08/05/2012
31/07/2012
15/05/2012
02/01/2012
14/06/2012
30/04/2012
01/12/2011
20/07/2012
05/06/2012
08/05/2012
22/02/2012
05/09/2012
03/04/2012
11/09/2012
07/02/2012
19/06/2012
01/05/2012
08/05/2012
12/06/2012
03/01/2012
14/08/2012
01/05/2012
28/02/2012
24/04/2012
05/06/2012
21/08/2012
29/11/2011
03/01/2012
24/04/2012
17/01/2012
01/05/2012
30/07/2013
23/10/2012
10/07/2012
07/08/2012
18/09/2012
02/10/2012
13/11/2012
14/02/2012
10/07/2012
17/07/2012
01/05/2012
01/04/2012
10/04/2012
27/03/2012
17/01/2012
13/03/2012
08/05/2012
10/05/2012
24/04/2012
21/08/2012
06/03/2012
02/10/2012
24/10/2012
07/08/2012
01/05/2012
28/08/2012
03/04/2012
01/05/2012
09/10/2012
21/08/2012
07/02/2012
17/01/2012
10/04/2012
10/01/2012
04/09/2012
24/01/2012
27/03/2012
28/02/2012
14/02/2012
19/06/2012
03/04/2012
25/09/2012
14/06/2012
29/05/2012
01/09/2012
21/05/2013
26/02/2013
31/12/2012
22/10/2013
30/07/2013
02/04/2013
01/10/2013
12/02/2013
12/03/2013
08/01/2013
24/09/2013
07/05/2013
22/10/2013
30/04/2013
24/06/2014
14/05/2013
09/04/2013
11/06/2013
26/03/2013
30/04/2013
14/05/2013
30/04/2013
04/06/2013
27/08/2013
26/02/2013
20/08/2013
05/02/2013
02/04/2013
15/10/2013
19/03/2013
02/07/2013
05/02/2013
08/10/2013
22/01/2013
26/03/2013
04/12/2012
10/09/2013
04/06/2013
03/09/2013
25/06/2013
02/04/2013
23/07/2013
""
15/01/2013
05/11/2013
10/09/2013
10/01/2013
15/10/2013
03/09/2013
01/10/2013
14/05/2013
30/05/2013
02/07/2013
08/01/2013
28/05/2013
04/06/2013
16/04/2013
15/01/2013
09/07/2013
10/09/2013
18/06/2013
08/01/2013
23/04/2013
08/10/2013
06/08/2013
04/06/2013
08/04/2013
23/04/2013
06/08/2013
19/05/2013
06/08/2013
24/09/2013
12/02/2013
06/08/2013
16/04/2013
01/08/2013
05/02/2013
22/08/2013
07/05/2013
02/04/2013
27/11/2012
20/08/2013
03/09/2013
22/01/2013
05/03/2013
30/07/2013
09/07/2013
20/08/2013
25/06/2013
05/03/2013
05/02/2013
07/05/2013
04/06/2013
03/09/2013
27/08/2013
02/07/2013
31/12/2012
02/04/2013
27/11/2012
01/10/2013
03/09/2013
17/08/2013
04/06/2013
18/06/2013
14/05/2013
02/07/2013
16/07/2013
01/01/2013
04/06/2013
30/04/2013
07/05/2013
30/07/2013
18/06/2013
05/03/2013
27/08/2013
12/02/2013
14/03/2013
16/07/2013
23/03/2013
01/10/2013
26/03/2013
02/04/2013
04/06/2013
08/07/2013
14/12/2012
11/12/2012
05/03/2013
12/02/2013
02/04/2013
18/06/2013
02/08/2013
13/12/2012
17/09/2013
30/04/2013
26/02/2013
09/09/2013
08/04/2013
29/01/2013
18/01/2013
15/03/2013
24/09/2013
30/04/2013
01/10/2013
28/05/2013
08/01/2013
02/07/2013
29/10/2013
05/02/2013
21/05/2013
17/09/2013
15/10/2013
30/07/2013
26/03/2013
22/06/2013
26/12/2012
23/06/2013
09/07/2013
05/03/2013
07/05/2013
12/02/2013
08/10/2013
07/05/2013
02/05/2013
02/04/2013
27/08/2013
30/04/2013
02/04/2013
05/02/2013
10/09/2013
01/03/2013
05/03/2013
03/06/2013
07/10/2013
09/04/2013
05/03/2013
18/06/2013
15/01/2013
23/07/2013
19/02/2013
08/01/2013
24/09/2013
05/03/2013
10/09/2013
01/10/2013
04/06/2013
26/02/2013
06/08/2013
23/04/2013
23/04/2013
14/05/2013
19/12/2012
30/04/2013
14/05/2013
21/05/2013
18/06/2013
16/07/2013
11/06/2013
24/09/2013
03/09/2013
06/08/2013
30/04/2013
01/04/2013
11/03/2013
01/10/2013
07/02/2013
05/02/2013
28/05/2013
10/09/2013
17/01/2013
05/03/2013
31/12/2012
22/04/2013
09/07/2013
28/05/2013
31/12/2012
03/01/2013
09/07/2013
15/04/2013
26/03/2013
09/04/2013
23/04/2013
29/10/2013
19/03/2013
26/02/2013
23/04/2013
03/09/2013
02/04/2013
09/04/2013
04/06/2013
26/02/2013
24/09/2013
14/05/2013
12/03/2013
02/04/2013
26/02/2013
04/12/2012
27/08/2013
07/05/2013
17/09/2013
30/04/2013
29/10/2013
27/11/2012
23/04/2013
03/09/2013
23/04/2013
07/05/2013
10/09/2013
07/05/2013
02/07/2013
11/06/2013
07/05/2013
04/06/2013
10/09/2013
26/03/2013
09/07/2013
07/05/2013
23/04/2013
01/10/2013
15/10/2013
29/01/2013
05/02/2013
20/03/2013
05/06/2013
02/07/2013
26/03/2013
""
22/01/2013
19/03/2013
22/01/2013
13/06/2012
05/01/2013
08/10/2013
27/03/2013
10/09/2013
01/01/2013
18/12/2012
25/06/2013
07/05/2013
15/01/2013
13/08/2013
23/05/2013
26/04/2013
08/10/2013
22/10/2013
01/10/2013
26/01/2013
16/07/2013
01/04/2013
13/02/2016
02/04/2013
30/04/2013
05/03/2013
05/02/2013
13/05/2013
30/03/2013
22/07/2013
30/04/2013
07/07/2013
24/09/2013
06/08/2013
02/08/2013
23/04/2013
12/02/2013
01/01/2013
08/04/2013
29/01/2013
01/01/2013
16/04/2013
26/03/2013
16/04/2013
07/05/2013
06/08/2013
17/02/2013
05/02/2013
09/07/2013
17/06/2013
18/01/2013
12/02/2013
08/01/2013
26/07/2013
26/02/2013
10/09/2013
28/05/2013
17/09/2013
04/06/2013
08/01/2013
27/08/2013
12/02/2013
02/01/2013
05/02/2013
26/03/2013
02/04/2013
02/07/2013
16/04/2013
10/09/2013
01/10/2013
13/08/2013
27/08/2013
24/09/2013
14/05/2013
22/10/2013
05/09/2013
12/02/2013
11/12/2012
05/02/2013
24/09/2013
07/05/2013
23/04/2013
27/08/2013
29/01/2013
05/02/2013
05/03/2013
18/12/2012
02/04/2013
08/01/2013
17/09/2013
05/02/2013
04/06/2013
14/05/2013
27/08/2013
08/10/2013
17/09/2013
04/06/2013
06/08/2013
07/05/2013
01/03/2013
05/03/2013
16/04/2013
29/08/2013
25/06/2013
08/01/2013
12/03/2013
01/03/2013
04/12/2012
17/09/2013
14/05/2013
01/10/2013
05/11/2013
07/05/2013
09/04/2013
27/06/2013
02/04/2013
""
05/03/2013
06/08/2013
25/06/2013
05/02/2013
25/06/2013
05/02/2013
23/04/2013
12/03/2013
03/09/2013
01/03/2013
01/01/2013
23/04/2013
01/10/2013
14/05/2013
01/09/2013
07/05/2013
06/08/2013
08/07/2014
29/07/2014
01/04/2014
01/07/2014
14/10/2014
02/09/2014
12/08/2014
16/09/2014
09/09/2014
06/05/2014
07/10/2014
21/01/2014
03/06/2014
04/03/2014
06/05/2014
01/07/2014
09/09/2014
28/01/2014
04/03/2014
29/07/2014
03/06/2014
24/06/2014
25/03/2014
09/09/2014
17/06/2014
26/08/2014
02/09/2014
13/05/2014
27/05/2014
14/01/2014
18/03/2014
02/12/2013
29/04/2014
29/07/2014
22/07/2014
02/09/2014
22/04/2014
19/08/2014
11/03/2014
18/02/2014
06/05/2014
07/01/2014
16/09/2014
18/03/2014
26/08/2014
18/02/2014
03/06/2014
09/09/2014
16/09/2014
03/07/2014
04/03/2014
15/07/2014
03/06/2014
07/10/2014
27/05/2014
18/02/2014
01/04/2014
12/08/2014
18/02/2014
""
15/07/2014
04/03/2014
27/05/2014
28/10/2014
05/08/2014
11/03/2014
28/01/2014
09/09/2014
29/07/2014
09/09/2014
03/06/2014
26/08/2014
08/07/2014
12/08/2014
04/03/2014
01/04/2014
14/01/2014
17/06/2014
01/07/2014
15/07/2014
10/06/2014
18/03/2014
01/04/2014
05/08/2014
25/01/2014
01/07/2014
""
03/06/2014
03/12/2013
03/03/2014
28/01/2014
""
13/02/2014
""
23/09/2014
25/03/2014
02/12/2013
13/05/2014
07/01/2014
""
11/02/2014
26/08/2014
""
08/04/2014
19/06/2014
04/02/2014
""
20/02/2014
08/07/2014
10/06/2014
04/02/2014
07/10/2014
17/06/2014
22/04/2014
17/06/2014
15/07/2014
13/05/2014
18/02/2014
15/04/2014
28/01/2014
28/10/2014
19/06/2014
01/07/2014
11/02/2014
13/05/2014
28/10/2014
""
10/12/2013
21/01/2014
01/07/2014
01/04/2014
""
""
23/09/2014
""
16/09/2014
03/07/2014
26/08/2014
25/02/2014
20/05/2014
28/10/2014
14/10/2014
24/06/2014
12/08/2014
""
22/04/2014
18/03/2014
09/09/2014
25/02/2014
04/03/2014
30/09/2014
14/01/2014
04/02/2014
07/10/2014
21/10/2014
04/03/2014
21/10/2014
""
18/03/2014
""
08/04/2014
02/09/2014
16/09/2014
05/08/2014
25/02/2014
20/05/2014
11/02/2014
11/03/2014
09/09/2014
20/05/2014
07/10/2014
07/10/2014
13/05/2014
06/05/2014
28/01/2014
13/05/2014
08/04/2014
16/09/2014
01/04/2014
09/09/2014
28/01/2014
14/10/2014
07/10/2014
22/04/2014
22/04/2014
15/04/2014
10/06/2014
15/09/2014
06/05/2014
03/06/2014
04/02/2014
29/04/2014
08/04/2014
08/04/2014
04/02/2014
13/05/2014
""
27/05/2014
14/01/2014
07/01/2014
03/06/2014
02/09/2014
01/08/2014
""
14/10/2014
03/06/2014
05/08/2014
06/05/2014
23/09/2014
03/12/2013
01/04/2014
15/07/2014
29/07/2014
20/05/2014
04/03/2014
15/07/2014
18/03/2014
""
""
""
06/05/2014
12/05/2014
08/04/2014
""
31/03/2014
06/03/2014
10/03/2014
""
11/03/2014
07/01/2014
04/11/2014
15/07/2014
25/03/2014
04/03/2014
""
16/09/2014
26/08/2014
01/05/2014
15/04/2014
18/02/2014
28/10/2014
08/04/2014
07/10/2014
26/08/2014
17/12/2013
04/03/2014
14/08/2014
""
25/03/2014
06/05/2014
13/05/2014
17/12/2013
20/05/2014
""
31/12/2013
01/01/2014
25/02/2014
30/09/2014
""
28/10/2014
05/11/2014
25/03/2014
05/03/2014
07/05/2014
24/06/2014
""
19/08/2014
06/05/2014
02/09/2014
29/04/2014
18/03/2014
30/10/2014
15/07/2014
15/07/2014
26/03/2014
06/05/2014
08/04/2014
14/10/2014
15/07/2014
13/05/2014
16/09/2014
23/09/2014
21/01/2014
01/04/2014
02/09/2014
18/03/2014
14/10/2014
""
27/05/2014
01/04/2014
17/12/2013
07/03/2014
07/10/2014
01/04/2014
""
17/06/2014
09/09/2014
01/04/2014
06/03/2014
02/09/2014
28/01/2014
28/01/2014
02/05/2014
11/02/2014
03/06/2014
29/07/2014
01/04/2014
26/06/2014
06/05/2014
01/04/2014
10/02/2014
14/01/2014
10/06/2014
15/04/2014
11/03/2014
01/02/2014
04/03/2014
08/07/2014
""
""
13/05/2014
14/08/2014
04/03/2014
15/04/2014
27/05/2014
01/04/2014
15/04/2014
07/01/2014
16/09/2014
06/05/2014
22/05/2014
01/03/2014
25/02/2014
01/07/2014
30/09/2014
15/04/2014
""
26/08/2014
09/09/2014
15/05/2014
27/05/2014
14/01/2014
04/02/2014
06/05/2014
02/09/2014
08/07/2014
29/07/2014
08/04/2014
04/02/2014
28/01/2014
25/02/2014
05/08/2014
07/10/2014
27/03/2014
10/12/2013
21/10/2014
04/03/2014
08/07/2014
17/06/2014
16/09/2014
07/10/2014
04/11/2014
09/09/2014
26/08/2014
08/07/2014
28/08/2014
15/04/2014
25/02/2014
03/06/2014
25/02/2014
02/09/2014
11/03/2014
09/09/2014
01/05/2014
20/05/2014
26/08/2014
16/09/2014
18/03/2014
12/06/2014
22/04/2014
01/04/2014
30/09/2014
02/09/2014
27/05/2014
01/02/2014
11/03/2014
14/01/2014
25/02/2014
28/01/2014
26/08/2014
08/04/2014
20/02/2014
17/12/2013
29/04/2014
11/03/2014
29/04/2014
""
04/03/2014
10/04/2014
14/10/2014
14/07/2015
29/09/2015
07/04/2015
10/03/2015
16/06/2015
15/09/2015
07/04/2015
12/05/2015
28/05/2015
01/05/2015
12/05/2015
28/07/2015
20/01/2015
06/01/2015
01/09/2015
21/07/2015
10/02/2015
01/07/2015
10/03/2015
01/09/2015
13/01/2015
02/06/2015
20/10/2015
10/02/2015
29/09/2015
16/04/2015
25/08/2015
30/06/2015
30/12/2014
24/03/2015
20/01/2015
21/04/2015
24/02/2015
01/09/2015
18/11/2014
03/02/2015
28/04/2015
23/06/2015
06/01/2015
12/05/2015
03/02/2015
05/05/2015
31/03/2015
03/03/2015
02/06/2015
09/12/2014
03/02/2015
04/08/2015
28/07/2015
07/04/2015
31/03/2015
25/08/2015
20/10/2015
26/05/2015
03/03/2015
03/03/2015
01/09/2015
17/03/2015
01/09/2015
04/08/2015
03/02/2015
24/02/2015
06/10/2015
04/08/2015
29/09/2015
11/08/2015
03/03/2015
03/03/2015
20/01/2015
04/08/2015
09/06/2015
02/06/2015
""
""
31/03/2015
27/01/2015
10/02/2015
""
01/05/2015
13/01/2015
10/03/2015
18/06/2015
31/03/2015
""
18/11/2014
08/12/2014
30/06/2015
02/12/2014
27/01/2015
25/11/2014
14/04/2015
27/11/2014
""
31/03/2015
02/08/2015
03/02/2015
""
07/09/2015
24/02/2015
26/02/2015
06/01/2015
19/05/2015
29/09/2015
20/10/2015
26/05/2015
14/07/2015
04/09/2015
06/10/2015
11/08/2015
02/06/2015
""
12/08/2015
11/08/2015
06/01/2015
16/01/2015
05/05/2015
10/02/2015
21/04/2015
31/03/2015
07/07/2015
13/01/2015
04/08/2015
13/01/2015
27/10/2015
12/01/2015
29/01/2015
""
30/06/2015
02/06/2015
06/04/2015
07/04/2015
19/05/2015
23/02/2015
29/07/2015
07/07/2015
""
10/02/2015
""
13/01/2015
16/06/2015
15/09/2015
11/08/2015
22/09/2015
20/10/2015
15/09/2015
12/05/2015
10/03/2015
13/10/2015
19/05/2015
21/07/2015
23/12/2014
""
05/05/2015
06/01/2015
31/03/2015
16/06/2015
26/05/2015
20/10/2015
10/02/2015
16/06/2015
16/06/2015
13/10/2015
22/09/2015
14/07/2015
03/03/2015
21/04/2015
16/06/2015
31/03/2015
18/08/2015
25/08/2015
27/01/2015
20/01/2015
07/04/2015
18/11/2014
17/03/2015
21/04/2015
07/04/2015
20/01/2015
05/05/2015
14/04/2015
21/04/2015
19/05/2015
04/05/2015
02/07/2015
06/10/2015
12/05/2015
05/02/2015
27/04/2015
10/03/2015
23/06/2015
14/04/2015
14/04/2015
26/05/2015
01/09/2015
03/02/2015
23/06/2015
05/05/2015
21/04/2015
24/02/2015
03/02/2015
03/03/2015
27/10/2015
05/05/2015
05/05/2015
20/11/2014
02/12/2014
28/04/2015
31/03/2015
30/06/2015
28/07/2015
12/05/2015
07/07/2015
21/04/2015
06/10/2015
05/10/2015
22/09/2015
03/02/2015
28/04/2015
20/10/2015
07/04/2015
24/03/2015
07/04/2015
04/08/2015
07/07/2014
03/03/2015
19/05/2015
10/03/2015
28/04/2015
28/04/2015
10/04/2015
16/06/2015
14/07/2015
24/03/2015
12/05/2015
27/01/2015
03/02/2015
24/02/2015
02/12/2014
25/08/2015
21/04/2015
20/10/2015
03/11/2015
06/01/2015
07/04/2015
03/03/2015
21/04/2015
01/03/2015
06/01/2015
05/05/2015
02/12/2014
03/03/2015
07/04/2015
19/05/2015
07/04/2015
30/12/2014
04/05/2015
21/09/2015
02/12/2014
29/09/2015
03/02/2015
17/12/2014
12/05/2015
17/03/2015
07/04/2015
26/05/2015
07/04/2015
06/01/2015
15/09/2015
21/04/2015
18/08/2015
06/05/2015
25/02/2015
10/11/2015
22/09/2015
01/07/2015
02/12/2014
01/09/2015
10/03/2015
20/01/2015
03/02/2015
24/06/2015
06/10/2015
06/10/2015
02/04/2015
01/03/2015
18/11/2014
07/01/2015
""
07/04/2015
07/04/2015
28/04/2015
13/10/2015
31/03/2015
15/03/2015
20/10/2015
18/11/2014
""
14/04/2015
""
14/02/2015
10/02/2015
28/04/2015
07/04/2015
01/09/2015
14/07/2015
12/05/2015
12/05/2015
""
10/02/2015
07/07/2015
10/01/2015
06/01/2015
14/04/2015
10/07/2015
07/04/2015
02/06/2015
16/06/2015
19/05/2015
26/01/2015
26/05/2015
06/01/2015
26/05/2015
05/05/2015
27/01/2015
07/04/2015
01/09/2015
09/06/2015
26/05/2015
24/02/2015
03/03/2015
10/02/2015
19/05/2015
25/08/2015
03/02/2015
16/06/2015
10/02/2015
02/06/2015
15/09/2015
05/05/2015
14/04/2015
01/09/2015
06/10/2015
10/11/2015
10/02/2015
05/05/2015
05/05/2015
19/05/2015
06/01/2015
29/09/2015
28/04/2015
12/05/2015
22/09/2015
06/01/2015
10/02/2015
03/03/2015
07/07/2015
12/05/2015
13/01/2015
09/12/2014
20/10/2015
06/10/2015
21/07/2015
07/07/2015
14/07/2015
25/08/2015
05/05/2015
26/05/2015
22/09/2015
08/01/2015
05/02/2015
24/03/2015
04/08/2015
24/02/2015
18/11/2014
15/09/2015
27/01/2015
01/09/2015
31/03/2015
22/09/2015
15/09/2015
18/08/2015
20/01/2015
02/06/2015
28/07/2015
30/06/2015
02/12/2014
03/03/2015
03/02/2015
31/03/2015
01/03/2015
17/02/2015
10/03/2015
12/05/2015
08/01/2015
09/06/2015
05/05/2015
27/01/2015
05/05/2015
09/06/2015
01/09/2015
26/07/2016
09/08/2016
14/06/2016
22/03/2016
11/10/2016
19/04/2016
13/09/2016
07/06/2016
12/01/2016
08/03/2016
09/08/2016
06/09/2016
03/05/2016
30/08/2016
15/03/2016
""
13/09/2016
""
26/07/2016
05/04/2016
07/06/2016
30/08/2016
19/07/2016
02/02/2016
09/08/2016
31/05/2016
04/10/2016
28/06/2016
22/03/2016
23/08/2016
26/04/2016
12/07/2016
16/02/2016
27/09/2016
12/02/2016
20/09/2016
14/06/2016
20/05/2016
04/10/2016
03/05/2016
02/08/2016
05/04/2016
01/03/2016
06/09/2016
20/09/2016
07/06/2016
09/08/2016
22/03/2016
26/01/2016
02/02/2016
16/08/2016
01/03/2016
02/08/2016
05/04/2016
15/03/2016
04/10/2016
31/05/2016
01/05/2016
23/02/2016
08/03/2016
31/07/2016
23/02/2016
26/01/2016
19/01/2016
08/03/2016
26/01/2016
20/09/2016
06/05/2016
08/03/2016
28/06/2016
18/08/2016
08/03/2016
28/06/2016
26/01/2016
14/06/2016
05/04/2016
02/06/2016
05/04/2016
25/10/2016
26/01/2016
02/08/2016
19/03/2016
12/04/2016
05/04/2016
05/04/2016
29/03/2016
02/02/2016
04/04/2016
09/08/2016
11/10/2016
11/01/2016
01/03/2016
21/06/2016
25/01/2016
""
06/01/2016
03/02/2016
18/10/2016
""
25/10/2016
09/02/2016
26/07/2016
03/05/2016
30/06/2016
11/04/2016
26/04/2016
12/07/2016
19/05/2016
05/07/2016
04/10/2016
02/02/2016
20/09/2016
10/06/2016
10/05/2016
20/10/2016
12/01/2016
27/09/2016
11/03/2016
14/06/2016
23/06/2016
17/05/2016
01/06/2016
24/05/2016
07/06/2016
03/05/2016
17/05/2016
05/04/2016
16/02/2016
""
""
05/01/2016
29/03/2016
16/02/2016
23/06/2016
26/04/2016
02/08/2016
""
15/07/2016
03/03/2016
21/06/2016
16/08/2016
15/11/2016
13/09/2016
05/04/2016
04/10/2016
19/07/2016
13/09/2016
03/11/2016
20/09/2016
05/04/2016
14/06/2016
05/07/2016
12/07/2016
12/07/2016
12/04/2016
08/03/2016
26/04/2016
05/01/2016
06/09/2016
20/10/2016
12/04/2016
31/05/2016
29/03/2016
09/08/2016
01/03/2016
01/03/2016
07/06/2016
19/01/2016
02/02/2016
31/05/2016
03/05/2016
24/05/2016
03/05/2016
09/02/2016
14/06/2016
08/03/2016
05/01/2016
04/10/2016
02/08/2016
15/03/2016
12/01/2016
12/01/2016
05/04/2016
06/09/2016
27/09/2016
05/04/2016
28/06/2016
11/10/2016
18/10/2016
17/05/2016
15/02/2016
05/01/2016
03/05/2016
05/01/2016
28/06/2016
29/03/2016
26/04/2016
07/06/2016
17/11/2016
28/06/2016
16/02/2016
28/01/2016
12/04/2016
05/04/2016
01/03/2016
21/06/2016
06/12/2016
05/04/2016
02/02/2016
13/09/2016
10/05/2016
01/03/2016
03/05/2016
05/01/2016
03/05/2016
29/03/2016
27/09/2016
21/06/2016
20/09/2016
20/09/2016
25/04/2016
17/05/2016
07/06/2016
12/04/2016
10/05/2016
09/08/2016
26/07/2016
02/02/2016
24/11/2015
19/01/2016
05/04/2016
12/07/2016
19/04/2016
19/01/2016
09/08/2016
07/06/2016
27/09/2016
06/09/2016
12/04/2016
06/09/2016
23/02/2016
14/06/2016
22/03/2016
27/09/2016
19/04/2016
12/04/2016
06/09/2016
12/07/2016
11/10/2016
17/05/2016
29/03/2016
19/04/2016
10/05/2016
01/03/2016
16/02/2016
08/03/2016
07/06/2016
25/10/2016
09/08/2016
04/10/2016
08/03/2016
05/07/2016
13/09/2016
12/07/2016
26/01/2016
19/07/2016
21/06/2016
05/04/2016
05/04/2016
06/04/2016
25/05/2016
13/04/2016
09/02/2016
12/01/2016
12/07/2016
28/07/2016
03/05/2016
02/03/2016
21/06/2016
02/08/2016
23/04/2016
04/10/2016
03/05/2016
04/03/2016
05/04/2016
05/04/2016
02/02/2016
22/04/2016
""
18/05/2016
07/06/2016
""
13/09/2016
01/03/2016
25/10/2016
04/10/2016
05/02/2016
05/07/2016
01/09/2016
05/01/2016
08/03/2016
05/04/2016
26/04/2016
09/08/2016
07/06/2016
""
16/02/2016
08/03/2016
11/10/2016
02/08/2016
13/09/2016
30/08/2016
07/07/2016
23/08/2016
05/07/2016
19/01/2016
26/07/2016
09/08/2016
26/04/2016
29/07/2016
02/02/2016
17/05/2016
01/11/2016
""
03/05/2016
05/01/2016
26/07/2016
01/03/2016
04/10/2016
03/05/2016
08/03/2016
22/03/2016
02/02/2016
03/05/2016
05/04/2016
29/03/2016
05/04/2016
20/09/2016
25/04/2016
07/01/2016
03/05/2016
08/03/2016
06/09/2016
20/09/2016
26/04/2016
09/02/2016
03/05/2016
16/02/2016
08/11/2016
30/08/2016
19/01/2016
26/04/2016
29/03/2016
28/06/2016
08/03/2016
18/10/2016
07/06/2016
11/10/2016
28/06/2016
07/06/2016
03/05/2016
02/02/2016
04/10/2016
12/07/2016
30/08/2016
29/03/2016
05/01/2016
15/03/2016
12/04/2016
30/08/2016
03/05/2016
08/03/2016
13/09/2016
05/04/2016
03/05/2016
15/03/2016
29/12/2015
01/03/2016
06/09/2016
09/08/2016
03/05/2016
30/08/2016
12/04/2016
01/07/2016
23/02/2016
06/09/2016
07/06/2016
06/09/2016
14/06/2016
11/10/2016
10/05/2016
01/03/2016
05/01/2016
02/02/2016
28/06/2016
15/03/2016
01/04/2016
03/05/2016
13/09/2016
12/04/2016
12/09/2017
25/04/2017
09/05/2017
07/02/2017
21/02/2017
07/03/2017
05/09/2017
23/05/2017
13/06/2017
25/04/2017
07/02/2017
24/01/2017
02/05/2017
04/04/2017
06/06/2017
15/08/2017
11/07/2017
05/09/2017
29/08/2017
22/08/2017
02/05/2017
03/10/2017
29/08/2017
08/08/2017
10/01/2017
05/09/2017
24/01/2017
01/07/2017
21/03/2017
18/07/2017
14/03/2017
26/01/2017
25/04/2017
27/12/2016
02/10/2017
31/01/2017
01/02/2017
17/10/2017
12/04/2017
27/06/2017
06/06/2017
14/02/2017
12/09/2017
06/06/2017
01/05/2017
13/06/2017
21/03/2017
07/02/2017
22/11/2016
01/12/2016
08/08/2017
03/10/2017
18/04/2017
22/08/2017
21/02/2017
28/03/2017
14/02/2017
02/05/2017
12/09/2017
16/05/2017
18/11/2016
07/02/2017
21/02/2017
10/01/2017
14/11/2017
21/12/2016
17/01/2017
09/05/2017
15/08/2017
29/11/2016
07/03/2017
04/04/2017
24/01/2017
07/03/2017
21/02/2017
27/06/2017
07/03/2017
""
25/07/2017
02/05/2017
03/10/2017
30/05/2017
21/02/2017
30/05/2017
06/12/2016
06/12/2016
16/01/2017
12/04/2017
""
13/06/2017
27/12/2016
01/06/2017
27/03/2017
02/08/2017
16/05/2017
31/01/2017
31/01/2017
22/08/2017
""
13/10/2017
14/11/2017
04/04/2017
06/04/2017
04/04/2017
31/01/2017
25/04/2017
06/12/2016
07/02/2017
21/03/2017
18/07/2017
14/04/2017
02/05/2017
26/09/2017
13/06/2017
13/06/2017
31/01/2017
28/02/2017
02/02/2017
25/07/2017
07/03/2017
26/09/2017
11/07/2017
29/11/2016
11/07/2017
02/05/2017
04/07/2017
16/05/2017
13/06/2017
23/05/2017
""
28/03/2017
10/01/2017
03/10/2017
14/03/2017
24/10/2017
11/07/2017
06/06/2017
01/08/2017
13/06/2017
25/07/2017
29/11/2016
06/06/2017
24/10/2017
30/05/2017
01/05/2017
22/11/2016
30/05/2017
13/06/2017
07/03/2017
02/05/2017
30/05/2017
03/10/2017
""
21/03/2017
24/10/2017
05/09/2017
11/07/2017
25/04/2017
24/10/2017
10/10/2017
28/03/2017
07/03/2017
07/03/2017
03/01/2017
03/10/2017
03/10/2017
24/04/2017
08/08/2017
14/03/2017
04/04/2017
17/01/2017
06/12/2016
21/03/2017
12/09/2017
""
19/09/2017
""
""
11/07/2017
03/10/2017
12/09/2017
13/06/2017
07/03/2017
13/06/2017
13/06/2017
04/04/2017
02/05/2017
31/01/2017
16/05/2017
16/05/2017
18/04/2017
14/03/2017
06/06/2017
29/11/2016
14/02/2017
21/03/2017
01/08/2017
10/10/2017
13/06/2017
02/05/2017
02/05/2017
18/04/2017
22/11/2016
11/07/2017
16/05/2017
10/10/2017
24/01/2017
06/12/2016
28/03/2017
31/01/2017
11/04/2017
17/10/2017
07/02/2017
07/02/2017
04/04/2017
22/11/2016
06/06/2017
24/10/2017
19/09/2017
25/04/2017
02/05/2017
30/05/2017
09/05/2017
09/05/2017
07/03/2017
06/12/2016
27/12/2016
14/02/2017
07/02/2017
07/02/2017
02/05/2017
16/05/2017
07/03/2017
04/04/2017
21/03/2017
13/06/2017
06/12/2016
17/10/2017
18/07/2017
29/08/2017
24/10/2017
24/10/2017
18/04/2017
16/05/2017
14/03/2017
24/10/2017
15/08/2017
01/08/2017
03/01/2017
25/04/2017
28/03/2017
16/05/2017
27/12/2016
05/09/2017
01/08/2017
16/05/2017
06/12/2016
24/03/2017
03/10/2017
12/09/2017
07/03/2017
28/02/2017
04/04/2017
31/01/2017
05/07/2017
02/05/2017
14/12/2016
27/06/2017
07/03/2017
30/11/2016
13/12/2016
14/02/2017
26/07/2017
13/12/2016
25/01/2017
25/04/2017
06/06/2017
07/06/2017
""
02/05/2017
03/10/2017
22/08/2017
25/07/2017
11/07/2017
24/10/2017
""
28/03/2017
14/02/2017
15/06/2017
12/09/2017
28/03/2017
19/09/2017
22/01/2017
11/04/2017
09/05/2017
21/09/2017
""
26/01/2017
05/09/2017
11/04/2017
28/02/2017
31/01/2017
10/01/2017
14/02/2017
13/06/2017
10/01/2017
04/04/2017
14/02/2017
29/08/2017
02/05/2017
22/08/2017
07/02/2017
11/07/2017
31/01/2017
31/01/2017
11/07/2017
21/02/2017
""
13/06/2017
23/05/2017
28/02/2017
10/10/2017
30/05/2017
27/06/2017
02/05/2017
04/04/2017
30/05/2017
06/06/2017
30/05/2017
31/01/2017
11/04/2017
17/01/2017
07/03/2017
10/01/2017
05/09/2017
28/02/2017
14/02/2017
07/03/2017
12/09/2017
19/09/2017
02/05/2017
23/05/2017
07/02/2017
28/03/2017
31/01/2017
05/09/2017
12/09/2017
22/11/2016
17/01/2017
13/06/2017
07/02/2017
16/05/2017
19/10/2017
26/09/2017
07/03/2017
07/03/2017
10/10/2017
13/12/2016
15/08/2017
02/05/2017
03/10/2017
02/05/2017
31/01/2017
11/07/2017
14/03/2017
28/02/2017
02/05/2017
14/03/2017
14/03/2017
23/05/2017
28/02/2017
03/01/2017
19/09/2017
26/09/2017
27/12/2016
24/01/2017
24/01/2017
12/09/2017
03/10/2017
20/06/2017
28/03/2017
17/10/2017
30/05/2017
07/03/2017
03/01/2017
14/03/2017
18/04/2017
28/02/2017
04/04/2017
17/01/2017
01/08/2017
01/03/2017
03/01/2017
17/10/2017
04/04/2017
14/02/2017
09/05/2017
02/05/2017
11/07/2017
03/10/2017
30/01/2018
06/02/2018
05/06/2018
06/11/2018
25/09/2018
09/10/2018
05/06/2018
06/03/2018
26/06/2018
20/03/2018
03/04/2018
12/06/2018
02/10/2018
12/07/2018
16/01/2018
03/04/2018
24/04/2018
15/05/2018
12/06/2018
01/05/2018
22/05/2018
02/01/2018
18/09/2018
09/01/2018
17/04/2018
04/06/2018
29/05/2018
09/10/2018
06/02/2018
13/03/2018
18/09/2018
05/06/2018
09/01/2018
09/01/2018
04/09/2018
19/06/2018
20/03/2018
03/07/2018
01/08/2018
09/10/2018
06/02/2018
04/09/2018
09/01/2018
09/10/2018
14/08/2018
06/02/2018
01/05/2018
25/09/2018
08/05/2018
10/07/2018
03/04/2018
16/10/2018
20/02/2018
31/07/2018
01/05/2018
01/03/2018
02/10/2018
07/08/2018
24/04/2018
19/06/2018
10/04/2018
06/03/2018
09/07/2018
05/12/2017
22/06/2018
01/05/2018
09/01/2018
06/03/2018
06/03/2018
03/04/2018
05/06/2018
05/12/2017
03/07/2018
""
18/09/2018
28/08/2018
16/01/2018
15/05/2018
21/08/2018
30/08/2018
28/02/2017
06/05/2014
03/05/2016
10/02/2009
03/02/2015
11/02/2014
05/06/2012
18/06/2013
01/09/2009
10/01/2012
08/11/2011
01/09/2015
12/07/2011
12/09/2017
26/02/2013
02/08/2016
28/01/2014
02/05/2017
06/06/2017
06/01/2015
05/06/2018
17/07/2018
30/01/2018
10/04/2018
28/11/2017
14/09/2018
01/02/2018
05/12/2017
19/12/2017
27/02/2018
""
15/01/2018
27/02/2018
""
19/06/2018
04/09/2018
30/07/2018
07/08/2018
06/03/2018
16/04/2018
25/09/2018
16/01/2018
21/08/2018
01/05/2018
16/01/2018
16/01/2018
05/12/2017
08/05/2018
03/04/2018
17/04/2018
24/07/2018
24/07/2018
14/08/2018
03/07/2018
18/09/2018
14/08/2018
10/04/2018
06/02/2018
12/06/2018
16/10/2018
30/10/2018
17/07/2018
02/10/2018
21/11/2017
12/06/2018
26/06/2018
11/12/2017
06/03/2018
18/09/2018
04/09/2018
19/06/2018
13/03/2018
04/09/2018
26/03/2018
22/05/2018
06/09/2018
23/01/2018
27/02/2018
13/02/2018
30/10/2018
05/12/2017
29/05/2018
02/10/2018
""
10/07/2018
29/05/2018
16/10/2018
10/07/2018
13/03/2018
26/06/2018
09/10/2018
02/10/2018
31/07/2018
12/06/2018
20/03/2018
24/07/2018
03/04/2018
05/06/2018
04/09/2018
07/08/2018
27/02/2018
06/02/2018
11/09/2018
""
16/10/2018
04/09/2018
01/05/2018
16/01/2018
23/01/2018
03/04/2018
21/05/2018
10/04/2018
22/01/2018
13/02/2018
""
13/03/2018
07/08/2018
24/04/2018
27/02/2018
10/04/2018
20/02/2018
13/11/2018
18/09/2018
27/03/2018
01/01/2018
16/01/2018
17/04/2018
06/02/2018
24/04/2018
06/02/2018
27/03/2018
06/02/2018
02/10/2018
09/01/2018
04/09/2018
30/01/2018
10/04/2018
19/06/2018
21/08/2018
16/10/2018
04/09/2018
15/05/2018
08/05/2018
12/06/2018
06/03/2018
02/01/2018
07/08/2018
03/04/2018
16/10/2018
30/01/2018
18/09/2018
05/06/2018
22/05/2018
18/09/2018
30/01/2018
21/08/2018
17/04/2018
09/10/2018
10/07/2018
08/05/2018
24/04/2018
""
29/05/2018
06/03/2018
15/05/2018
26/06/2018
20/02/2018
09/01/2018
08/05/2018
11/09/2018
20/03/2018
20/03/2018
09/10/2018
12/06/2018
17/04/2018
18/09/2018
02/03/2018
27/03/2018
20/02/2018
14/08/2018
18/09/2018
24/04/2018
12/12/2017
05/06/2018
""
09/10/2018
27/02/2018
01/01/2018
27/03/2018
20/02/2018
05/12/2017
23/10/2018
20/02/2018
17/04/2018
""
16/10/2018
08/05/2018
24/07/2018
23/01/2018
04/09/2018
27/03/2018
19/06/2018
27/12/2017
26/12/2017
13/02/2018
10/04/2018
17/07/2018
06/03/2018
31/07/2018
27/03/2018
24/04/2018
20/02/2018
30/01/2018
18/09/2018
22/05/2018
16/01/2018
11/09/2018
09/10/2018
02/01/2018
19/12/2017
06/03/2018
06/03/2018
10/07/2018
04/09/2018
02/10/2018
02/04/2018
26/06/2018
23/01/2018
09/01/2018
10/04/2018
""
10/04/2018
03/04/2018
03/04/2018
13/09/2018
06/03/2018
19/06/2018
06/03/2018
02/10/2018
17/04/2018
06/03/2018
02/01/2018
04/09/2018
05/06/2018
06/03/2018
05/06/2018
01/05/2018
20/03/2018
05/06/2018
09/01/2018
25/09/2018
12/06/2018
01/05/2018
18/09/2018
24/04/2018
06/03/2018
16/01/2018
31/07/2018
19/06/2018
06/03/2018
24/04/2018
04/09/2018
09/10/2018
29/05/2018
02/10/2018
20/03/2018
05/06/2018
16/01/2018
08/05/2018
27/03/2018
26/12/2017
23/01/2018
03/04/2018
31/07/2018
06/03/2018
16/01/2018
16/10/2018
20/03/2018
03/05/2018
""
23/10/2018
06/03/2018
02/01/2018
15/05/2018
01/05/2018
13/03/2018
09/01/2018
06/03/2018
12/06/2018
18/09/2018
06/02/2018
03/04/2018
10/04/2018
24/04/2018
02/10/2018
06/11/2018
30/01/2018
29/05/2018
29/05/2018
13/02/2018
01/05/2018
28/08/2018
21/11/2017
27/03/2018
08/05/2018
17/04/2018
15/05/2018
10/07/2018
01/05/2018
01/05/2018
29/05/2018
10/04/2018
10/04/2018
06/03/2018
27/02/2018
02/10/2018
11/09/2018
23/10/2018
25/09/2018
12/06/2018
06/03/2018
18/03/2018
05/12/2017
19/06/2018
06/02/2018
20/02/2018
10/04/2018
15/05/2018
09/01/2018
22/05/2018
30/01/2018
27/02/2018
05/06/2018
13/03/2018
""
28/08/2018
01/05/2018
01/03/2018
18/10/2018
20/09/2018
10/09/2019
""
01/03/2019
28/05/2019
19/03/2019
04/06/2019
05/03/2019
01/05/2019
15/10/2019
25/06/2019
09/07/2019
05/02/2019
17/09/2019
05/03/2019
02/07/2019
18/06/2019
29/10/2019
20/08/2019
""
14/05/2019
05/02/2019
20/11/2018
06/08/2019
05/02/2019
08/01/2019
20/08/2019
19/03/2019
02/07/2019
16/04/2019
23/04/2019
27/08/2019
05/11/2019
09/07/2019
14/05/2019
04/06/2019
01/06/2019
22/10/2019
20/08/2019
26/03/2019
29/01/2019
05/03/2019
16/07/2019
26/02/2019
04/06/2019
08/10/2019
24/09/2019
04/12/2018
29/01/2019
24/09/2019
18/06/2019
05/03/2019
01/03/2019
12/02/2019
09/04/2019
11/06/2019
01/10/2019
07/05/2019
03/09/2019
06/08/2019
04/06/2019
08/10/2019
05/11/2019
20/11/2018
26/02/2019
09/04/2019
08/01/2019
04/12/2018
07/05/2019
05/02/2019
07/05/2019
10/09/2019
23/07/2019
22/01/2019
06/08/2019
03/09/2019
04/06/2019
22/10/2019
""
17/09/2019
04/04/2019
""
""
""
13/08/2019
07/05/2019
02/04/2019
06/01/2019
28/05/2019
21/04/2019
02/04/2019
""
11/06/2019
16/07/2019
09/04/2019
03/09/2019
27/08/2019
""
""
13/08/2019
30/07/2019
11/06/2019
30/07/2019
10/09/2019
16/07/2019
05/11/2019
26/03/2019
23/04/2019
""
01/03/2019
04/06/2019
01/05/2019
03/09/2019
02/07/2019
12/02/2019
26/03/2019
23/07/2019
24/09/2019
29/01/2019
14/05/2019
19/03/2019
10/09/2019
01/10/2019
18/06/2019
30/04/2019
29/10/2019
01/10/2019
11/06/2019
11/04/2019
01/10/2019
17/09/2019
01/09/2019
02/07/2019
11/06/2019
09/07/2019
24/09/2019
08/10/2019
24/09/2019
02/04/2019
09/07/2019
20/07/2019
15/10/2019
09/04/2019
23/04/2019
22/10/2019
16/04/2019
02/04/2019
07/05/2019
""
22/10/2019
""
15/10/2019
15/10/2019
21/05/2019
""
07/05/2019
05/03/2019
15/10/2019
17/09/2019
01/10/2019
11/06/2019
05/03/2019
28/05/2019
02/04/2019
15/10/2019
14/05/2019
10/09/2019
09/07/2019
02/07/2019
10/09/2019
23/04/2019
05/11/2019
12/02/2019
01/10/2019
05/02/2019
06/08/2019
07/05/2019
01/10/2019
13/08/2019
""
04/06/2019
24/09/2019
24/09/2019
15/10/2019
22/01/2019
15/10/2019
15/01/2019
24/09/2019
30/04/2019
08/10/2019
01/10/2019
24/09/2019
05/11/2019
17/09/2019
11/06/2019
05/03/2019
01/08/2019
12/02/2019
08/01/2019
10/09/2019
15/10/2019
09/04/2019
12/02/2019
26/02/2019
22/10/2019
09/04/2019
10/09/2019
07/05/2019
19/03/2019
08/01/2019
22/01/2019
05/03/2019
19/02/2019
15/04/2019
05/03/2019
15/01/2019
07/05/2019
14/05/2019
19/02/2019
16/04/2019
10/09/2019
10/09/2019
12/03/2019
15/10/2019
03/09/2019
12/03/2019
05/02/2019
19/02/2019
04/06/2019
23/07/2019
17/09/2019
19/02/2019
23/04/2019
""
""
23/07/2019
10/09/2019
26/02/2019
03/09/2019
10/09/2019
26/03/2019
09/09/2019
05/11/2019
09/04/2019
01/10/2019
""
""
16/07/2019
02/04/2019
23/04/2019
16/04/2019
22/10/2019
08/01/2019
05/02/2019
21/05/2019
""
22/10/2019
10/01/2019
22/10/2019
16/04/2019
16/07/2019
27/08/2019
""
26/03/2019
16/07/2019
01/01/2019
02/07/2019
06/03/2019
17/09/2019
22/10/2019
11/12/2018
26/02/2019
29/01/2019
07/05/2019
26/03/2019
07/05/2019
16/07/2019
01/10/2019
20/08/2019
08/10/2019
11/06/2019
12/03/2019
05/03/2019
10/09/2019
27/11/2018
05/09/2019
29/01/2019
15/01/2019
01/10/2019
05/02/2019
27/08/2019
05/02/2019
01/10/2019
02/04/2019
05/03/2019
02/04/2019
""
19/03/2019
01/10/2019
03/09/2019
17/07/2019
14/05/2019
05/02/2019
20/11/2018
10/09/2019
24/09/2019
25/06/2019
04/06/2019
05/03/2019
03/09/2019
19/03/2019
03/09/2019
16/04/2019
25/06/2019
02/04/2019
05/03/2019
06/08/2019
14/05/2019
10/09/2019
11/06/2019
18/06/2019
20/11/2018
05/02/2019
07/05/2019
08/01/2019
01/10/2019
07/05/2019
14/05/2019
22/01/2019
03/09/2019
04/06/2019
10/09/2019
19/03/2019
02/04/2019
10/09/2019
16/04/2019
05/03/2019
08/10/2019
05/03/2019
30/04/2019
21/05/2019
08/01/2019
24/09/2019
04/12/2018
29/01/2019
09/07/2019
05/11/2019
29/01/2019
07/05/2019
04/06/2019
07/05/2019
05/11/2019
02/04/2019
12/02/2019
05/11/2019
26/02/2019
01/10/2019
03/10/2019
03/09/2019
14/05/2019
15/01/2019
24/09/2019
03/09/2019
17/09/2019
08/01/2019
05/02/2019
05/03/2019
15/01/2019
09/04/2019
02/04/2019
30/04/2019
05/02/2019
28/05/2019
05/11/2019
07/05/2019
12/02/2019
27/08/2019
08/01/2019
01/10/2019
01/10/2019
15/10/2019
""
15/10/2019
12/02/2019
14/05/2019
04/06/2019
01/09/2019
05/03/2019
01/05/2019
10/09/2019
02/04/2019
01/08/2019
10/09/2019
18/06/2019
01/03/2019
22/10/2019
27/08/2019
16/04/2019
02/04/2019
01/06/2019
15/09/2019
