id,title
0,Robert Brewer
1,Wavertree Stables
2,Blue River Bloodstock
3,"Hoppel's Horse and Cattle Co., agent"
4,Nickajack/Rey de Oros
5,Paul Sharp
6,Eddie Woods
7,Gayle Woods
8,Lynne Boutte
9,Tradewinds Farm
10,Flying Fish
11,Crupi's New Castle Farm
12,Ricky Leppala
13,Ocala Stud
14,Harris Training Center
15,Southern Chase Farm
16,W.D. North Thoroughbreds
17,McKathan Bros.
18,Azpurua Stables
19,Mayberry Farm
20,Jimmy Miranda
21,Costanzo Sales
22,Stephens Thoroughbreds
23,SAB Sales
24,Ian Vickers
25,J. Carlos Garcia
26,All in Sales
27,Craig L. Wheeler
28,Journeyman Bloodstock
29,Parrish Farms
30,De Meric Sales
31,James Layden Sr.
32,Whitman Sales
33,King's Equine
34,Double H Stables
35,Best A Luck Farm
36,Woodside Ranch
37,Derby Daze Farm
38,Day-Vista Farms
39,Remedy Farm
40,Bo Hunt
41,Bridlewood Farm
42,Kilbride Stables
43,Ocala Bloodstock
44,"Center Stage Farm, Darcy Scudero"
45,Bobby Dodd
46,Darsan
47,Hendry Training Stables
48,Chapman Farm
49,Pure Silk Farm
50,Casse Sales
51,Weston
52,30-30 Farm
53,Seahorse Stables
54,True South
55,Andy Cant
56,Classic Bloodstock
57,Diamond Bloodstock
58,Max Ubide Stables
59,L.G.
60,Medallion Farms
61,Mountain View Racing Stables
62,Cutting Edge Equine
63,Tom McCrocklin
64,Three Old Friends
65,Grandpa's Dream
66,Cimarron Farm
67,Robdale Farm
68,Derby Dreams
69,Lenora Black
70,Omega Farm
71,Thoroughstock
72,Circle D Thoroughbreds
73,Herrera Racing Stable
74,Peggy S. Dellheim
75,Stephen Hope Sales & Co.
76,Potrero Stables
77,Rose Hernandez
78,Brookshire Farm
79,Yanez Brothers Stables
80,On the Run Sales
81,DSB Stable
82,Ignacio Gutierrez
83,Bridget Williamson
84,Cynthia Ashikian
85,Peacock Ridge
86,Louis Ross
87,Santa Fe Thoroughbreds
88,Pinecrest Stables
89,Vickers Racing
90,Amber Rose Farm
91,Glen Brook Farm
92,RDZ Farm
93,Another Episode Farm
94,Casey Newick
95,Franklyn Lindsey
96,Jimmy Randolph
97,Kendra Schoff & R. Bogart
98,Kimberlite Race Farm
99,L F Thoroughbreds
