id,title
0,Christine Thompson
1,Chris Noeth
2,Ben Delbert
3,Mickey McMurray
4,Michał Gawlas
5,guillaume provost
6,Shayne Bates
7,Ivo ns
8,Andrew Nyberg
9,Jonny Smeby
10,Everett Glucose
11,nekomura games
12,Terry Mayer
13,steckel .
14,Othello Picklehammer
15,nick bridger
16,Tim Samoff
17,Bill Black
18,Amanda Fitch
19,David Hill
20,Geoffrey White
21,The Iron Goat
22,Josie Nutter
23,Lanzz Linked
24,Viuls
25,Rapidwire
26,Marc Vaughan
27,Peter Ohlmann
28,Matthew Green
29,Tim Brown
30,Ondrej Čerman
31,[DOTA]Michaelz
32,Joey Taylor
33,Galador
34,Lisa Ching
35,Adrian Cummings
36,Kiyokazu Kinouchi
37,Stephen Flores
38,Black Angel
39,rob sandberg
40,asi burak
41,Brian Collins
42,Al_Sleeper
43,boll werker
44,madvox
45,Bill Kunkel
46,thefrow
47,Cadillac
48,Nate Wolff
49,Matthew Puccio
