id,title
0,The Emerson Theater
1,The Castle Theatre
2,Saint Andrews Hall
3,Riviera Theatre
4,The Rave
5,Ogden Theatre
6,The Complex
7,The Showbox
8,Rio Theatre on Broadway
9,Wonder Ballroom
10,Senator Theatre
11,Ace of Spades
12,The Regency Ballroom
13,The Wiltern
14,The Observatory
15,The Observatory North Park
16,Drais Rooftop Beachclub
17,Marquee Theatre
18,Sunshine Theater
19,Warehouse Live
20,South Side Music Hall
21,Emo's Austin
22,Backstage Live
23,Venue 578
24,Culture Room
25,Music Farm
26,Center Stage Theatre
27,Cat's Cradle
28,The Norva
29,The Fillmore Silver Spring
30,The Fillmore Silver Spring
31,Webster Theater
32,Worcester Palladium
33,The Asylum
34,Phoenix Concert Theatre
35,Tattoo Queen West
36,Webster Hall
37,Theatre of Living Arts
38,O2 Academy Islington
39,O2 Academy Birmingham
40,Club Academy
41,Manchester Gorilla
42,XOYO
43,La Bellevilloise
44,Melkweg
45,Ampere
46,Zoom - Frankfurt
47,Lido
48,Mojo Club
49,The Fillmore Silver Spring
50,The Venue At Ucf
51,Canterbury Park
52,Randalls Island
53,Randalls Island
54,Xfinity Center
55,Randalls Island
56,Dover International Speedway
57,Dover International Speedway
58,Park West
59,Finsbury Park
60,Finsbury Park
61,Lebreton Flats
62,Allmend
63,Parc Astrid de Coronmeuse
