id,title
0,TOTAL DOWNLOADS 2015
1,July 2015
2,June 2015
3,May 2015
4,April 2015
5,March 2015
6,February 2015
7,January 2015
8,TOTAL DOWNLOADS 2014
9,December 2014
10,November 2014
11,October 2014
12,September 2014
13,August 2014
14,July 2014
15,June 2014
16,May 2014
17,April 2014
18,March 2014
19,February 2014
20,January 2014
21,TOTAL DOWNLOADS 2013
22,December 2013
23,October 2013
24,September 2013
25,May 2013
26,April 2013
27,March 2013
28,February 2013
29,January 2013
30,TOTAL DOWNLOADS 2012
31,December 2012
32,November 2012
33,October 2012
34,September 2012
35,August 2012
36,July 2012
37,June 2012
38,May 2012
39,April 2012
40,March 2012
41,February 2012
42,January 2012
43,TOTAL DOWNLOADS 2011
44,December 2011
45,November 2011
46,September 2011
47,August 2011
48,July 2011
49,March 2011
50,February 2011
51,January 2011
52,TOTAL DOWNLOADS 2010
53,December 2010
54,November 2010
55,October 2010
56,September 2010
57,August 2010
58,July 2010
59,June 2010
60,May 2010
61,March 2010
62,January 2010
63,TOTAL DOWNLOADS 2009
64,December 2009
65,November 2009
66,October 2009
67,September 2009
68,July 2009
69,June 2009
70,April 2009
71,March 2009
72,February 2009
73,January 2009
74,TOTAL DOWNLOADS 2008
75,December 2008
76,November 2008
77,October 2008
78,September 2008
79,August 2008
80,June 2008
81,May 2008
82,April 2008
83,March 2008
84,February 2008
85,January 2008
86,TOTAL DOWNLOADS 2007
87,November 2007
88,October 2007
89,September 2007
90,August 2007
91,July 2007
92,June 2007
93,May 2007
94,April 2007
95,March 2007
96,February 2007
97,January 2007
98,TOTAL DOWNLOADS 2006
99,December 2006
100,November 2006
101,October 2006
102,September 2006
103,August 2006
104,July 2006
105,June 2006
106,May 2006
107,April 2006
108,March 2006
109,February 2006
110,January 2006
111,TOTAL DOWNLOADS 2005
112,December 2005
113,November 2005
114,October 2005
115,September 2005
116,August 2005
117,July 2005
118,June 2005
119,May 2005
120,April 2005
121,March 2005
122,February 2005
123,January 2005
124,TOTAL DOWNLOADS 2004
125,December 2004
126,November 2004
127,October 2004
128,September 2004
129,August 2004
130,July 2004
131,June 2004
132,May 2004
133,April 2004
134,March 2004
135,February 2004
136,January 2004
137,TOTAL DOWNLOADS 2003
138,December 2003
139,November 2003
140,October 2003
141,September 2003
142,August 2003
143,July 2003
144,June 2003
145,May 2003
146,April 2003
147,March 2003
148,February 2003
149,January 2003
150,TOTAL DOWNLOADS 2002
151,December 2002
152,November 2002
153,October 2002
154,September 2002
155,August 2002
156,July 2002
157,June 2002
158,May 2002
159,April 2002
160,March 2002
161,February 2002
162,January 2002
163,TOTAL DOWNLOADS 2001
164,December 2001
165,November 2001
166,October 2001
167,September 2001
168,August 2001
169,July 2001
170,June 2001
171,May 2001
