id,title
0,Bryan Sears
1,Tim Goebel
2,Kazuya Kitamura
3,Taiwo Ajibade
4,Mark Lewis-Francis
5,Davion Spence
6,Salem Mubarak Al-Yami
7,Tal Mor
8,Omar Brown
9,Matthew Bouveng
10,Mariusz Latkowski
11,Jacner Palacios
12,Curtis Fraser
13,He Jun
14,José Carlos Peña
15,Petar Hristov
16,Martin Rodriguez-Fraile
17,Michal Laskowski
18,Churandy Martina
19,Yosuke Tahara
20,Diego Valdés
21,David Falealili
22,Goitsemodimo Tsietsano
23,Keith Roberts
24,Mohd Shahrizal Mohamad
25,Igor Blazevic
26,Tilen Suhadolnik
27,Duriel Laird
28,Jirí Kmínek
29,Matjaž Borovina
30,Ju-Young Park
31,Ying-Chi Chen
32,Ján Gajdoš
33,Modou Njie
34,Viktar Kirysiuk
35,Darren Coughlan
36,Tomáš Knébl
37,Yaroslav Stetsyuk
38,Mohd Radzuan Nadzar
39,Mario Trillo
40,Denis Kondratyev
41,Evággelos Halastáras
42,Stanislav Pupov
43,Gergely Lèpold
44,Faraj Al Dosari
45,Meng-Ping Kan
46,Dion Fraizer
47,Fahad Khamis Said Al Jabri
48,Làszlò Jankovics
49,Vyacheslav Muravyev
50,Savas Bayar
51,Vugar Mextiev
52,Lamine Khalache
53,Basílio de Moraes
54,Jean-Noël Lefort
55,Teinakore Teiti
56,Ibrahima Traore
57,Nuno Miguel Ribeiro
58,Stellan Ndibi
59,Saad Faraj Al-Shahwani
60,Daniel Alanis Garcia
61,Ismael Abdallah Ismael
62,Moosa Hassan Fayaz
63,Gordon Farrugia
