id,title
0,Henderson
1,Henline
2,Joseph
3,Morrison
4,Petersen
5,Schuurmans
6,Shirinova
7,Wilson-Plouzek
8,Wilson
9,Yoon
10,Jantzen
11,Jelavic
12,Prescott
13,Heilig
14,Howard
15,Kreikemeier
16,Pracheil
17,Rogers
18,Rolf
19,Ziegenbein
20,Jones
21,Buller
22,Christensen
23,Ford
24,Fritzinger
25,Ruach
26,Sorensen
27,Moore
28,Ahlvin
29,Davis
30,Gleeson
31,Hoffman
32,Kalil
33,Kolata
34,Morrow
35,Oles
36,Puthoff
37,Reimers
38,Schomer
39,Sons
40,Vander Zanden
41,Wiles
42,Brewer
43,Alfrey
44,Rehm
45,Johnson
46,Onkhoksung
47,Soellner
48,Bailey
49,Bodfield
50,Burns
51,Cerny
52,Howsden
53,Andreasen
54,Bieck
55,Carvana
56,Cochran
57,Enevoldsen
58,Frink
59,Kadavy
60,Osbey
61,Peters
62,Polfer
63,Reicks
64,Roach
65,Schafer
66,Scheele
67,Schwab
68,Brunssen
69,Barnes
70,Tiedeman
71,Emhovick
72,Gibson
73,Grgurich
74,Rogers
75,Ruhl
76,Sandsted
77,Shadoin
78,Sims
79,Tamerius
80,Wickard
81,Bridges
82,Gonzalez
83,Peterson
84,Pika
85,Puot
86,Achelpohl
87,Dority
88,Hladky
89,Myers
90,Weander
