id,title
0,SpinnerChief
1,Textbroker
2,Kaltura
3,Big Article Scraper
4,Whisper
5,Google PageSpeed Insights
6,Big Media Scraper
7,Open Access Plagiarism Search
8,Plagtracker
9,Docoloc
10,NaNoWriMo Word Count
11,HTC Scribe Pen
12,Fasilkom Handwriting Image Enhancement
13,Draft
14,Pro Writing Aid
15,PlagScan
16,Wordpot
17,PositionMonitor
18,SEOBudget
19,Temnos
20,Diffbot Image
21,Diffbot Analyze
22,Srch.io
23,Contentful
24,Ontos
25,SentiRate
26,Postcard
27,TapCrowd
28,HP Labs Multimedia Analytic Platform
29,jsDelivr
30,Presstacular
31,Keepcon
32,AddNag
33,MagPlus
34,Web Scrape Master
35,Shared Workforce
36,RAMP Content
37,StageBloc
38,Queue-it
39,Handwriting.io
40,Yammer OG Schema
41,GitHub Repository Contents
42,ContentMine
43,Share Data
44,Topple Track
45,Elsevier ScienceDirect
46,Axilent
47,Yandex Rich Content
48,GetSimple
49,dotNetHell Contenuti
50,EnClout Content
51,Silk
52,Scopus
53,Yahoo Site Explorer
54,Alexa Top Sites
55,SERPs SEO & Rankings
56,AuthorityLabs Account
57,AuthorityLabs Partner
58,SimilarTech Website Technologies Profiling
59,SocialAdr
60,TheProxIsRight
61,SEOGenies
62,MySEOTool
63,Yandex Webmaster
64,SEO Engine
65,Link Emperor
66,SetLinks
67,ZoomRank
68,HTTP Redirect Chain Enumerator
69,Wordsfinder Keywords Extractor
70,WebSEOAnalytics
71,Ginzametrics
72,BuiltWith
73,FavQs
74,After the Deadline
75,MyScript Cloud Recognition
76,Internet Acronym Server
77,Quip
78,Fallout: Equestria Resource
79,Writeapp.me
80,FIMFiction
81,SpanDex
82,The Society of Authors Member Search
83,Supertext Translation
84,WriterAccess
85,Copify
86,Your Book Launch
87,Scripted
88,Opuss
89,LinguLab
90,MediaPiston
91,Editz
92,Copyscape Premium
93,Google AdSense
94,Alexa Web Information Service
95,SEOmoz
96,zanox
97,Mozscape
98,Real-time Rank Tracker
99,RiteTag
