id,title
0,"KOPERA, Adam"
1,"MICHEL, Alexandre"
2,"MERRITT, Gaelan"
3,"POLL, Adam"
4,"ORANGE, Robert"
5,"SIMONDS, William"
6,"NEVIN, Connor"
7,"TEARLE, Kevin"
8,"CLEOFAS, Jake"
9,"DI CRISTOFARO, Nicholas"
10,"LACASSE, Jeremie"
11,"ZORKO, David"
12,"DODDY, Dan"
13,"SMIT, Rod"
14,"MACKINNON, Sean"
15,"ENGEL, Colin"
16,"KER, Jeff"
17,"GEE, Derek"
18,"PELDA, Patrick"
19,"GAGNON, Alexandre"
20,"ANDREWS, Kieran"
21,"MARROUCH, Woody"
22,"SAMUEL, Travis"
23,"DE HAITRE, Vincent"
24,"ELLIOTT, Patrick"
25,"GEE, Jon"
26,"WILKINS, Carl"
27,"BISHOP, Greg"
28,"BRUNET, Darcey"
29,"SUGITA, Mark"
30,"KITNEY, Justin"
31,"MACDERMID, Ken"
32,"AKINS, Randall"
33,"FALK-DOTAN, Biran"
34,"DIAZ, Rodrigo"
35,"VANLAUWE, Luke"
36,"SCHUCK, Peter"
37,"SALVATI, Marco"
38,"MCCORMICK, Shane"
39,"SHEWAN, Bill"
40,"CLAVIR, Rick"
41,"GRAY, Christopher"
42,"JOINETTE, Vincent"
43,"MACPHEE, Morgan"
44,"WOLFE, Yariv"
45,"FOTHERGILL, Simon"
46,"BILENKEY, David"
47,"NUTTALL, Michael"
48,"BURGE, Craig"
49,"ORTON, James"
50,"CORNER, Doug"
51,"RAPUS, Conner"
52,"GEORGE, Adrian"
53,"CONN, Peter"
54,"WRIGHT, Gary"
55,"RUDNICKI, Dave"
56,"CAUDURO, Thomas"
57,"CONNOR, Emerson"
58,"SCOTT, Alistair"
59,"EIKENBERRY, Adam"
60,"KERR, Robert"
61,"CHAMBERS, Ian"
62,"ZAPPE, Erich"
63,"BECK, Ryan"
64,"MARROUCH, Karim"
65,"BOURGEAULT, Rick J"
66,"FOGELMAN, Gary"
