id,title
0,"ABOUSHI, ODAY"
1,"ADAMS, JOHNNY"
2,"ALFORD, ROBERT"
3,"ALLEN, KEENAN"
4,"ALLEN, RYAN"
5,"ALLEN, ZACH"
6,"ALONSO, KIKO"
7,"AMERSON, DAVID"
8,"ANDERSON, C J"
9,"ANSAH, ZIGGY"
10,"ANTHONY, MARC"
11,"ARMSTEAD, TERRON"
12,"AUSTIN, TAVON"
13,"BACA, JEFF"
14,"BAILEY, ALVIN"
15,"BAILEY, STEDMAN"
16,"BAKHTIARI, DAVID"
17,"BALL, MONTEE"
18,"BANKS, JOHNTHAN"
19,"BARKER, CHRIS"
20,"BARKLEY, MATT"
21,"BARNER, KENJON"
22,"BARNES, T J"
23,"BARRINGTON, SAM"
24,"BASS, DAVID"
25,"BEAUHARNAIS, STEVE"
26,"BECTON, NICK"
27,"BELL, LEVEON"
28,"BERNARD, GIOVANI"
29,"BOHANON, TOMMY"
30,"BOND, TRAVIS"
31,"BONNER, ALAN"
32,"BOREN, ZACH"
33,"BOSTIC, JONATHAN"
34,"BOYCE, JOSH"
35,"BOYD, JOSH"
36,"BOYETT, JOHN"
37,"BRAY, TYLER"
38,"BREEDING, DYLAN"
39,"BROWN, ARTHUR"
40,"BROWN, BRADEN"
41,"BROWN, MARLON"
42,"BRYANT, ARMONTY"
43,"BUCHANAN, MIKE"
44,"BURKHEAD, REX"
45,"BUSHELL, ADRIAN"
46,"CAMERON, COLBY"
47,"CANTELE, ANTHONY"
48,"CARRADINE, TANK"
49,"CAVE, BRAXSTON"
50,"CLEARY, EMMETT"
51,"COLLINS, JAMIE"
52,"COMMINGS, SANDERS"
53,"COOPER, JONATHAN"
54,"COWAN, BOBBY"
55,"CUNNINGHAM, JUSTICE"
56,"CYPRIEN, JOHNATHAN"
57,"DAVIS, KNILE"
58,"DAVIS, MARCUS"
59,"DAVIS, WILL"
60,"DAWKINS, EVERETT"
61,"DEVEY, JORDAN"
62,"DIAL, QUINTON"
63,"DOBSON, AARON"
64,"DUNNACHIE, ALEX"
65,"DYSERT, ZAC"
66,"EDWARDS, LAVAR"
67,"EDWARDS, MIKE"
68,"EIFERT, TYLER"
69,"ELAM, MATT"
70,"ELLINGTON, ANDRE"
71,"ERTZ, ZACH"
72,"ESCOBAR, GAVIN"
73,"EVANS, JOSH"
74,"FAULK, CHRIS"
75,"FAURIA, JOSEPH"
76,"FISHER, ERIC"
77,"FLOYD, SHARRIF"
78,"FLUKER, D J"
79,"FOKETI, MANASE"
80,"FORD, MICHAEL"
81,"FRAGEL, REID"
82,"FRANKLIN, JOHNATHAN"
83,"FREDERICK, TRAVIS"
84,"FULLER, COREY"
85,"FURSTENBURG, MATT"
86,"GAINES, ROGERS"
87,"GEATHERS, KWAME"
88,"GHOLSTON, WILLIAM"
89,"GILKEY, GARRETT"
90,"GILLISLEE, MIKE"
91,"GLENNON, MIKE"
92,"GOARD, TYRONE"
93,"GOODEN, ZAVIAR"
94,"GOODMAN, MALLICIAH"
95,"GOODWIN, MARQUISE"
96,"GRAGG, CHRIS"
97,"GRAHAM, RAY"
98,"GRATZ, DWAYNE"
99,"GRAY, MARQUEIS"
100,"GREENE, KHASEEM"
101,"GRISSOM, CORY"
102,"HAMILTON, COBI"
103,"HANKINS, JOHNATHAN"
104,"HARPER, CHRIS"
105,"HARPER, D J"
106,"HARRIS, MONTEL"
107,"HARRISON, MARK"
108,"HAWKINSON, TANNER"
109,"HAWTHORNE, TERRY"
110,"HAYDEN, D J"
111,"HEPBURN, BRANDON"
112,"HERMAN, ERIC"
113,"HESTER, AARON"
114,"HILL, JORDAN"
115,"HODGES, GERALD"
116,"HOLLOMAN, DEVONTE"
117,"HOLMES, KHALED"
118,"HOPKINS, DEANDRE"
119,"HOPKINS, DUSTIN"
120,"HUBNER, JOSH"
121,"HUGHES, MONTORI"
122,"HUNT, MARGUS"
123,"HUNTER, JUSTIN"
124,"HYDE, MICAH"
125,"INGRAM, LUKE"
126,"JACKSON, MARK"
127,"JAMES, MIKE"
128,"JAMISON, JAWAN"
129,"JEFFERSON, D C"
130,"JEFFERSON, STEFPHON"
131,"JEFFERSON, TONY"
132,"JENKINS, BRANDON"
133,"JENKINS, JELANI"
134,"JENKINS, JOHN"
135,"JOECKEL, LUKE"
136,"JOHNSON, T J"
137,"JOHNSON, DARIUS"
138,"JOHNSON, LANE"
139,"JOHNSON, JAY JAY"
140,"JOHNSON, KEELAN"
141,"JOHNSON, NICO"
142,"JOHNSON, OSCAR"
143,"JOHNSON-WEBB, JAMAAL"
144,"JONES, ABRY"
145,"JONES, BARRETT"
146,"JONES, CHRIS"
147,"JONES, DATONE"
148,"JONES, JARVIS"
149,"JONES, LANDRY"
150,"JORDAN, DION"
151,"KASA, NICK"
152,"KAUFMAN, BRANDON"
153,"KELCE, TRAVIS"
154,"KING, TAVARRES"
155,"KLEIN, A J"
156,"KLEIN, COLLIN"
157,"KNOTT, JAKE"
158,"KOVANDA, SCOTT"
159,"KRUGER, JOE"
160,"KUGBILA, EDMUND"
161,"LACY, EDDIE"
162,"LATTIMORE, MARCUS"
163,"LEMON, ALEC"
164,"LEMONIER, COREY"
165,"LESTER, ROBERT"
166,"LEWIS-MOORE, KAPRON"
167,"LINE, ZACH"
168,"LOCKE, JEFF"
169,"LOGAN, BENNIE"
170,"LONERGAN, P J"
171,"LONG, KYLE"
172,"LOTULELEI, JOHN"
173,"LOTULELEI, STAR"
174,"LUTZENKIRCHEN, PHILIP"
175,"MADSEN, JOE"
176,"MADY, LAMAR"
177,"MAGEE, BRANDON"
178,"MAHER, BRETT"
179,"MANUEL, E J"
180,"MAPONGA, STANSLY"
181,"MARQUARDT, LUKE"
182,"MATHIEU, TYRANN"
183,"MAUTI, MICHAEL"
184,"MAYSONET, MIGUEL"
185,"MCCALEBB, ONTERIO"
186,"MCCRAY, DEMETRIUS"
187,"MCCRAY, LERENTEE"
188,"MCDONALD, T J"
189,"MCDONALD, VANCE"
190,"MCDOUGALD, BRADLEY"
191,"MCFADDEN, LEON"
192,"MCGEE, BRANDON"
193,"MCGEE, STACY"
194,"MELLETTE, AARON"
195,"MICHAEL, CHRISTINE"
196,"MILES, RONTEZ"
197,"MILHIM, STEPHANE"
198,"MILLINER, DEE"
199,"MILLS, JORDAN"
200,"MINGO, BARKEVIOUS"
201,"MINTER, KEVIN"
202,"MOE, T J"
203,"MONTGOMERY, SAM"
204,"MOODY, NICK"
205,"MOORE, DAMONTRE"
206,"MOORE, SIO"
207,"MOTTA, ZEKE"
208,"NASSIB, RYAN"
209,"NIXON, XAVIER"
210,"OGLETREE, ALEC"
211,"OKAFOR, ALEX"
212,"OTTEN, RYAN"
213,"PAINTER, VINCE"
214,"PANTALE, CHRIS"
215,"PATTERSON, CORDARRELLE"
216,"PATTON, QUINTON"
217,"PORTER, SEAN"
218,"POUGH, KEITH"
219,"POWELL, TY"
220,"POYER, JORDAN"
221,"PRYOR, LONNIE"
222,"PUGH, JUSTIN"
223,"QUESSENBERRY, DAVID"
224,"RAMBO, BACARRI"
225,"RANDLE, JOSEPH"
226,"REDDICK, KEVIN"
227,"REED, JORDAN"
228,"REID, ERIC"
229,"REID, GREG"
230,"RENFREE, SEAN"
231,"RHODES, XAVIER"
232,"RICHARDSON, SHELDON"
233,"RIDDICK, THEO"
234,"RIVERA, MYCHAL"
235,"ROBEY, NICKELL"
236,"ROBINSON, DENARD"
237,"ROGERS, DARICK"
238,"ROUSE, ROBBIE"
239,"RYAN, LOGAN"
240,"SABINO, ETIENNE"
241,"SAMPSON, LANEAR"
242,"SANDERS, ACE"
243,"SCHWENKE, BRIAN"
244,"SCOTT, MATT"
245,"SHARP, QUINN"
246,"SHORT, K K"
247,"SIMON, JOHN"
248,"SIMON, THAROLD"
249,"SIMS, DION"
250,"SLAUGHTER, JAMORIS"
251,"SLAY, DARIUS"
252,"SMITH, GENO"
253,"SMITH, JARED"
254,"SMITH, QUANTERUS"
255,"SMITH, RODNEY"
256,"SORENSEN, BRAD"
257,"SPADOLA, RYAN"
258,"SPENCE, AKEEM"
259,"SQUARE, DAMION"
260,"STACY, ZAC"
261,"STAFFORD, DAIMION"
262,"STANKIEWITCH, MATT"
263,"STARLING, JAWANZA"
264,"STEWART, JONATHAN"
265,"STEWART, WALT"
266,"STILLS, KENNY"
267,"STONEBURNER, JAKE"
268,"STURGIS, CALEB"
269,"SWANSON, DAXTON"
270,"SWEARINGER, D J"
271,"SWEETING, ROD"
272,"SWOPE, RYAN"
273,"TAYLOR, BRUCE"
274,"TAYLOR, DEVIN"
275,"TAYLOR, JAMAR"
276,"TAYLOR, MIKE"
277,"TAYLOR, STEPFA'N"
278,"TE'O, MANTI"
279,"THOMAS, DALLAS"
280,"THOMAS, CHASE"
281,"THOMAS, PHILLIP"
282,"THOMAS, SHAMARKO"
283,"THOMPKINS, KENBRELL"
284,"THOMPSON, CHRISTOPHER"
285,"THORNTON, HUGH"
286,"TOILOLO, LEVINE"
287,"TRETTER, J C"
288,"TRUFANT, DESMOND"
289,"TUCKER, MATTHEW"
290,"VACCARO, KENNY"
291,"VANDENBERG, JAMES"
292,"VERNON, CONNER"
293,"WAGNER, RICKY"
294,"WARE, SPENCER"
295,"WARFORD, LARRY"
296,"WARMACK, CHANCE"
297,"WASHINGTON, CORNELIUS"
298,"WATFORD, EARL"
299,"WATSON, MENELIK"
300,"WEAVER, JASON"
301,"WEBB, B W"
302,"WEBSTER, KAYVON"
303,"WERNER, BJOERN"
304,"WETZEL, JOHN"
305,"WHEATON, MARKUS"
306,"WILCOX, J J"
307,"WILLIAMS, BRANDON"
308,"WILLIAMS, BRENNAN"
309,"WILLIAMS, JESSE"
310,"WILLIAMS, KERWYNN"
311,"WILLIAMS, DUKE"
312,"WILLIAMS, NATE"
313,"WILLIAMS, NICK"
314,"WILLIAMS, SHAWN"
315,"WILLIAMS, STEVE"
316,"WILLIAMS, SYLVESTER"
317,"WILLIAMS, TERRANCE"
318,"WILLIAMS, TOUREK"
319,"WILLIAMS, TREVARDO"
320,"WILSON, BRADEN"
321,"WILSON, TYLER"
322,"WILSON, MARQUESS"
323,"WING, BRAD"
324,"WINN, GEORGE"
325,"WINTERS, BRIAN"
326,"WOLFF, EARL"
327,"WOOD, CIERRE"
328,"WOODS, ROBERT"
329,"WOOTEN, KHALID"
330,"WORT, TOM"
331,"WREH-WILSON, BLIDI"
