id,title
0,AlphaCC Scholarships
1,Alzheimer's Australia Dementia Grants Program
2,APPEA
3,Aqua Vista Glass Scholarship
4,Arro Home Design Scholarship
5,Association of Rhodes Scholars in Australia (ARSA) Travel Scholarships
6,ATA Scientific Young Scientist Award
7,Australian German Association (AGA) Goethe Fellowship
8,Australian Government Department of Health & Ageing administered by Australian College of Nursing (ACN)
9,Australian Council of Agricultural Societies & Coca-Cola
10,Australian Rotary Health
11,Australian Rotary Health
12,Australian Rotary Health
13,Australian Computer Society (ACS)
14,Australian Veterans' Children Assistance Trust
15,Bayside Psychotherapy Scholarship (annual clinical experience learning program)
16,Bend + Mend Musculoskeletal Injury Management Scholarship
17,Bendigo and Adelaide Bank
18,Cambridge Australia Trust
19,Career FAQs Scholarship
20,CFA Program Awareness Scholarship
21,Charlie Perkins Scholarship Trust- see the Perkins Trust website
22,Compare TV Scholarships
23,Cubic Promote 2015 Marketing Scholarship
24,Department of Justice & Regulation Scholarship
25,Department of Veterans' Affairs
26,East-West Centre Asia Pacific Leadership Program Fellowships
27,Expert Editor
28,First Rate Car Loans 2015 Scholarship
29,Flowers across Melbourne Scholarship
30,Graduate Women Victoria
31,Gumtree business scholarship
32,Haka Tours New Zealand
33,The Henry Carus & Associates Visionary Scholarship
34,HotelClub.com scholarship
35,Hotel.com.au Online Travel and Tourism Scholarship
36,Indigenous Scholarships
37,Infinity Technology
38,The International Institute of Technology (IIT)
39,King & O'Malley trust
40,LAC Lawyers Scholarships
41,Maisie Fawcett Scholarship
42,MEDIQ Financial Scholarship & International Internship
43,Menulog
44,Menzies Foundation
45,Motor Neurone Disease Research Institute
46,Native Title Research Scholarship
47,Optimising Online Marketing Scholarship
48,Our World Underwater Scholarship Society
49,Pest-Ex Pest Control Scholarship for Science Students
50,The Pinnacle Foundation
51,Quantum Print Disability Scholarship & Award Program
52,RAAF Women's Association Phone: 02 6251 1994
53,Schwarzman Scholars Program
54,Services for Australian Rural and Remote Allied Health (SARRAH)
55,SMSF Property Investment Scholarship
56,South Australian Research & Development Institute (SARDI)
57,South Australian Research & Development Institute (SARDI)
58,Stayz Australia
59,Think Conveyancing
60,Think Conveyancing
61,Tradingnav Traders Pathway Scholarship
62,Upskilled Business & Marketing Analyst Scholarship
63,Victoria University Sports Camp
64,Victoria University/Western Bulldogs
65,Victoria India Doctoral Scholarships
66,Victorian Healthcare Association
67,Vision Australia further education bursary
68,Walter Mangold Study Abroad Scholarships
69,WebContacts
70,Web Profits
71,World Nomads Travel Scholarships
72,YourContacts Scholarship
73,Zado
