id,title
0,Warm weather up North
1,IE7
2,Re: IE7
3,Re: IE7
4,Re: IE7
5,Re: IE7
6,Re: IE7
7,Re: IE7
8,Ticks
9,Re: Ticks
10,Re: Ticks
11,Re: Ticks
12,Re: Ticks
13,No subject
14,Re: No subject
15,Multiple monitors
16,Re: Multiple monitors
17,Re: Multiple monitors
18,Re: Multiple monitors
19,Re: Multiple monitors
20,Re: Multiple monitors
21,Re: Multiple monitors
22,Re: Multiple monitors
23,Adblock Plus
24,No subject
25,Purloined pot
26,No subject
27,Satellite radio
28,Re: Satellite radio
29,Re: Satellite radio
30,Pot guy
31,Re: Pot guy
32,Re: Pot guy
33,Re: Pot guy
34,Re: Pot guy
35,Re: Pot guy
36,Re: Pot guy
37,Re: Pot guy
38,Re: Pot guy
39,Re: Pot guy
40,Re: Pot guy
41,Re: Pot guy
42,Re: Pot guy
43,Re: Pot guy
44,Re: Pot guy
45,Re: Pot guy
46,Re: Pot guy
47,Re: Pot guy
48,Re: Pot guy
49,Re: Pot guy
50,Re: Pot guy
51,Re: Pot guy
52,Re: Pot guy
53,Re: Pot guy
54,Re: Pot guy
55,Re: Pot guy
56,Re: Pot guy
57,Re: Pot guy
58,Re: Pot guy
59,Re: Pot guy
60,Re: Pot guy
61,Re: Pot guy
62,Re: Pot guy
63,Re: Pot guy
64,Re: Pot guy
65,Re: Pot guy
66,Re: Pot guy
67,Re: Pot guy
68,Re: Pot guy
69,Re: Pot guy
70,Re: Pot guy
71,No subject
72,Re: No subject
73,Slight Detour...
74,expert drug talk at blues news
75,6 x 7
76,Re: 6 x 7
77,6X7=...42
78,No subject
79,No subject
80,Re: No subject
81,Re: No subject
82,Re: No subject
83,Re: No subject
84,Re: No subject
85,Re: No subject
86,Re: No subject
87,Re: No subject
88,Re: No subject
89,Re: No subject
90,Re: No subject
91,Re: No subject
92,Re: No subject
93,Re: No subject
94,Re: No subject
95,Re: No subject
96,Re: No subject
97,wow...
98,nice...
99,Re: nice...
100,No subject
101,Re: No subject
102,calling: open minds
103,Re: calling: open minds
104,Re: calling: open minds
105,Re: calling: open minds
106,Re: calling: open minds
107,Re: calling: open minds
108,Re: calling: open minds
109,IE7.COM
110,all I know...
111,No subject
112,Re: No subject
113,Re: No subject
114,No subject
115,wow.
