id,title
0,List of maps
1,Editorial note
2,The borough of Bedford: Introduction
3,The borough of Bedford: Castle and barony
4,The borough of Bedford: Borough
5,The borough of Bedford: Manors
6,The borough of Bedford: Churches
7,The borough of Bedford: Advowsons
8,The borough of Bedford: Charities
9,The hundred of Willey: Introduction
10,Parishes: Biddenham
11,Parishes: Bletsoe
12,Parishes: Bromham
13,Parishes: Carlton
14,Parishes: Chellington
15,Parishes: Farndish
16,Parishes: Felmersham with Radwell
17,Parishes: Harrold
18,Parishes: Odell
19,Parishes: Pavenham
20,Parishes: Podington and Hinwick
21,Parishes: Sharnbrook
22,Parishes: Souldrop
23,Parishes: Stagsden
24,Parishes: Stevington
25,Parishes: Thurleigh
26,Parishes: Turvey
27,Parishes: Wymington or Wimington
28,The hundred of Stodden: Introduction
29,Parishes: Bolnhurst
30,Parishes: Clapham
31,Parishes: Dean
32,Parishes: Keysoe
33,Parishes: Knotting
34,Parishes: Melchbourne
35,Parishes: Milton Ernest
36,Parishes: Oakley
37,Parishes: Pertenhall
38,Parishes: Risely or Riseley
39,Parishes: Shelton
40,Parishes: Little Staughton
41,Parishes: Swineshead
42,Parishes: Tilbrook
43,Parishes: Yelden
44,The hundred of Barford: Introduction
45,Parishes: Great Barford
46,Parishes: Colmworth
47,Parishes: Eaton Socon
48,Parishes: Goldington
49,Parishes: Ravensden
50,Parishes: Renhold
51,Parishes: Roxton
52,Parishes: Wilden
53,The hundred of Wixamtree: Introduction
54,Parishes: Blunham with Moggerhanger and Chalton
55,Parishes: Cardington with Eastcotts
56,Parishes: Cople
57,Parishes: Northill
58,Parishes: Old Warden
59,Parishes: Southill with Rowney
60,Parishes: Willington
61,The hundred of Redbornestoke: Introduction
62,Parishes: Ampthill
63,Parishes: Cranfield
64,Parishes: Elstow
65,Parishes: Flitwick
66,Parishes: Houghton Conquest
67,Parishes: Kempston
68,Parishes: Lidlington
69,Parishes: Marston Moretaine
70,Parishes: Maulden
71,Parishes: Millbrook
72,Parishes: Ridgmont
73,Parishes: Steppingley
74,Parishes: Wilshamstead
75,Parishes: Wootton
76,The hundred of Manshead: Introduction
77,Parishes: Aspley Guise
78,Parishes: Battlesden
79,Parishes: Chalgrave with Tebworth and Wingfield
80,Parishes: Dunstable
81,Parishes: Eaton Bray
82,Parishes: Eversholt
83,Parishes: Harlington
84,Parishes: Hockliffe
85,Parishes: Holcot
86,Parishes: Houghton Regis
87,Parishes: Husborne Crawley
88,Parishes: Leighton Buzzard
89,Parishes: Milton Bryant or Bryan
90,Parishes: Potsgrove
91,Parishes: Salford
92,Parishes: Studham
93,Parishes: Tilsworth
94,Parishes: Tingrith
95,Parishes: Toddington
96,Parishes: Totternhoe
97,Parishes: Westoning
98,Parishes: Whipsnade
99,Parishes: Woburn
