id,title
0,emurian
1,cwagner
2,canfield
3,izenberg
4,sokolove
5,devries
6,ozok
7,dujie1
8,cvillen1
9,dasmith
10,cpak
11,doaa1
12,rmessi1
13,kath
14,jeng
15,claassen
16,mariaq1
17,pmartin
18,sonjaf1
19,johnwc85
20,jeannet1
21,grisham
22,clalauri
23,lili
24,gmaria1
25,akalfogl
26,olenik
27,kenj
28,mcollins
29,adelutis
30,pattee
31,thardy
32,zhoul
33,jshin2
34,tsisana1
35,spitts
36,echung1
37,berge
38,dirvine1
39,mcozar1
40,aval1
41,bkegan1
42,awalters
43,rada
44,adiag
45,oscoz
46,andersoe
47,ekline1
48,pscull1
49,sbraun
