id,title
0,Flickr
1,foursquare
2,GeoNames
3,LinkedIn
4,Instagram
5,Freebase
6,Panoramio
7,Facebook Graph
8,Bit.ly
9,SoundCloud
10,Shopzilla
11,Spotify Echo Nest
12,Etsy
13,Dropbox
14,Yahoo Query Language
15,Netvibes
16,DonorsChoose
17,MapBox
18,Best Buy Products
19,COLOURlovers
20,AngelList
21,GitHub
22,The Movie DB
23,World Weather Online
24,Klout
25,Seatwave
26,Kiva
27,AlchemyAPI
28,Edmunds.com Vehicle
29,Genability
30,Bandsintown
31,Internet Video Archive
32,Nestoria
33,Zappos
34,Hyves
35,LongURL
36,NPR
37,Instapaper
38,Biblia.com
39,BlankSlate
40,AddThis Sharing Endpoints
41,Yes Broadcast DB
42,Viddler
43,Walmart Open
44,Library of Congress Prints & Photographs
45,AddThis Services
46,Dribbble
47,Yolink
48,MotorsportReg.com
49,Ergast
50,zanox
51,New York Times Campaign Finance
52,Garmin MotionBased
53,Behance
54,AerisWeather
55,Bing Maps Routes
56,Unofficial IMDb
57,PLoS Search
58,Google Page Speed Online
59,MyWot
60,Plancast
61,MapQuest Geocoding
62,Brighter Planet Emission Estimates
63,Elance
64,Infochimps IP Intelligence Geolocation
65,Playme
66,Issuu Search
67,Big Huge Thesaurus
68,Clicky
69,Artsy
70,Zilyo Vacation Rental
71,Last 10K
72,CubeSensors
73,Taxi Fare Finder
74,SiteSummary
75,AYLIEN Text Analysis
76,Ghana Stock Exchange
77,The Open Movie Database
78,Redbox
79,Telize
80,GovData
81,CampBX
82,Wookmark
83,Altmetric
84,OpenCNAM
85,Geobytes Ajax Autocomplete Cities List
86,IP-API.com Geolocation
87,This Is My Jam
88,US Census Bureau
89,APIfy
90,Deezer
91,Coderwall Profile
92,PubNub
93,Numbers
94,ShareFile
95,Metro Transit NexTrip
96,Yahoo YUI
97,NOAA ERDDAP
98,iRail
99,deviantART
