id,title
0,ImagineSolar | Online Solar PV Economics and Technical Sales
1,"Free SolarEdge Workshop | Austin, TX | August 6, 2015"
2,Fronius Service Provider Training
3,BPI Building Analyst and Envelope Professional
4,ImagineSolar | Online Smart Grid and Distributed Generaton
5,Fronius Service Provider Training
6,Community Energy Transformations: Fort Collins Case Study
7,Fronius Service Provider Training
8,Fronius Service Provider Training
9,Fronius Service Provider Training
10,PV203 - PV Systems Design and Installation - Workshop
11,PVOL101: Solar Electric Design & Installation (Grid-Direct)
12,PVOL303: Advanced Battery-based PV System Design: Series I
13,"PV203 PREP: Battery-based PV System Fundamentals, online"
14,PVOL202: Advanced PV System Design & the NEC (Grid-Direct)
15,PVOL206: Solar Business and Technical Sales - Online
16,PV351L: PV Systems-Tools & Techniques for O&M (Grid-direct)
17,Austin Community College ~ ELMT 2474 - Solar PV Systems
18,Austin Community College ~ ELMT 2276 - Solar PV Installation
19,Solar Fundamentals 1B - Online
20,Austin Community College ~ WIND 2359 – Wind Power Systems
21,Austin Community College ~ ELMT 2275 – Solar Thermal Systems
22,ACC-ELMT 2372 – Energy Efficient Structures and Assessments
23,PV201L: Solar Electric Lab Week (Grid-direct) for Women
24,ImagineSolar | Advanced PV Project Experience Aug 29 - Sep 2
25,Advanced Lab Day: Solar PV Design & Installation | August 29
26,Basic Photovoltaics Online
27,PV201 - PV Design and Installation - Online
28,Solar Fundamentals 1A - Online
29,Introduction to Tower Climbing and Safety
30,Wind Turbine Repair and Maintenance
31,Building Energy Analytics
32,Deep Energy Retrofits
33,Passive House in the Real World
34,PV System Design (Online)
35,Homebrew Wind Power - Wind Turbine Design and Construction
36,REPV: Renewable Energy Generation with Photovoltaics
37,PV203 PV Systems Design and Installation Workshop
38,PV101: Solar Electric Design & Installation (Grid-Direct)
39,Solar Domestic Hot Water Systems Online
40,RESNET HERS Rater
41,PV201L: Solar Electric Lab Week (Grid-Direct)
42,SHOL101: Solar Hot Water Design and Installation
43,PVOL101: Solar Electric Design & Installation (Grid-Direct)
44,PVOL304: Advanced Battery-based PV System Design: Series II
45,PVOL202: Advanced PV System Design & the NEC (Grid-Direct)
46,"PV203 PREP: Battery-based PV System Fundamentals, online"
47,Solar Space Heating Systems
48,PV301L: Solar Electric Lab Week (Battery-Based)
49,Solar Space Heating Systems Online
50,PV Site Assessor Training Online
51,Small Wind Site Assessor Training Online
52,ONLINE REPV: Renewable Energy with Photovoltaic Systems
53,REST: Renewable Energy Generation with Solar Thermal Systems
54,Solar Fundamentals 1A - Labs
55,Solar Fundamentals 1B - Labs
56,PV Technical Sales
57,Solar Fundamentals 1A - Online
58,REPV(A): Advanced Design & Installation of Photovoltaic Sys
59,Solar Fundamentals 1B - Online
60,ImagineSolar | Advanced PV Project Experience | Nov 7 - 11
61,Advanced Lab Day: Solar PV Design & Installation | Nov 7
62,PVOL303: Advanced Battery-based PV System Design Series 1
63,PV Sales and Finance Online
64,PVOL101: Solar Electric Design & Installation (Grid-Direct)
65,RDOL101: Appropriate Technology for the Developing World
66,PVOL202: Advanced PV System Design & the NEC (Grid-Direct)
67,PVOL206: Solar Business & Technical Sales
68,BPI Building Analyst and Envelope Professional
69,Basic Photovoltaics Online
70,LEED GREEN ASSOCIATE (2 day)
71,RESNET HERS Rater
72,ImagineSolar | Advanced PV Project Experience Feb | 6 - 10
