id,title
0,MISS 8448
1,MISS 8464
2,MISS 9748
3,MISS 10746
4,MISS 9020
5,MISS 14999
6,MISS 6041
7,MISS 13226
8,MISS 10679
9,MISS 10097
10,MISS 40823
11,MISS 6206
12,MISS 40825
13,MISS 14662
14,MISS 17492
15,MISS 52004
16,MISS 52323
17,MISS 4103
18,MISS 46054
19,MISS 46065
20,MISS 48248
21,MISS 46067
22,MISS 46713
23,MISS 46394
24,MISS 4142
25,MISS 17164
26,MISS 4498
27,MISS 13018
28,MISS 18179
29,MISS 40826
30,MISS 16797
31,MISS 37656
32,MISS 17529
33,MISS 18239
34,MISS 14108
35,MISS 14835
36,MISS 13698
37,MISS 4424
38,MISS 28571
39,MISS 19676
40,MISS 19919
41,MISS 19117
42,MISS 19483
43,MISS 18526
44,MISS 20073
45,MISS 19660
46,MISS 20078
47,MISS 38684
48,MISS 29132
49,MISS 40824
50,MISS 24117
51,MISS 25439
52,MISS 22838
53,MISS 22144
54,MISS 22013
55,MISS 21934
56,MISS 22172
57,MISS 29742
58,MISS 39288
59,MISS 24116
60,MISS 18554
61,MISS 38272
62,MISS 38799
63,MISS 37659
64,MISS 37657
65,MISS 38764
66,MISS 39343
67,MISS 37658
68,MISS 34485
69,MISS 64322
70,MISS 38769
71,MISS 64321
72,MISS 34806
73,MISS 32737
74,MISS 32691
75,MISS 34298
76,MISS 33018
77,MISS 32914
78,MISS 34350
