id,title
0,C. Ernest
1,A. Kogan Descossy
2,S. Costante
3,E. Rivkin
4,D. Wasserstein
5,V. Hanna
6,J. Kirby
7,L. Barash
8,G. Bonetti
9,J. Kukafka
10,M. Shapiro
11,M. Johnson
12,G. Kershner
13,S. LeVine
14,M. Koenig
15,M. Levy
16,R. Elias
17,S. Rothberg
18,S. Medoff
19,D. Shore
20,S. Abramovitz
21,M. Graff
22,B. Ansell
23,Z. Sela
24,N. Mellitz
25,O. Descossy
26,C. Daddy2
27,s. green
28,B. Liftman
29,B. Rosenblum
30,S. Mehta
31,B. Obama
32,S. Greenberg
33,L. Goldkrantz
34,J. Goldkrantz
35,A. Bershadsky
36,A. Muhammad
37,C. Wynne
38,R. Zimmerman
39,T. Drob
40,L. Smith
41,D. Sclarsky
42,D. Hoskins
43,M. D'Auria
44,T. Pahren
45,D. Finkelstein
46,A. Grossman
47,d. shiller
48,J. Sietz
49,K. Fenton
50,J. Greenstein
51,A. Brinn
52,B. Dworkin
53,M. Hay
54,R. Hahn
55,M. Baker
56,P. Squires
57,E. Gray
58,D. Singer
